Measure Number: 1
E4 132 32 -1
F4 190 16 0
E4 226 16 -1
G4 226 16 0
E4 263 16 -1
A4 263 16 -1
E4 299 16 -1
B4 299 16 -1
E4 132 32 -1
D4 190 16 0
D4 226 16 -1
C4 263 16 0
G3 299 16 0
Measure Number: 2
E4 10 32 -1
C5 10 32 0
F4 73 16 0
A4 73 16 -1
F5 73 16 0
E4 113 48 -1
A4 113 48 -1
E5 113 48 -1
A3 10 32 -1
E3 73 16 -1
B3 73 16 0
D4 73 16 0
E3 113 48 -1
C4 113 48 0
Measure Number: 3
E5 18 96 -1
E4 18 48 -1
G4 18 48 0
E4 130 48 -1
G4 130 48 0
D5 130 48 -1
D4 18 16 -1
C4 55 16 0
B3 92 16 -1
B3 130 16 -1
A3 167 16 0
B3 204 16 -1
Measure Number: 4
E4 12 96 -1
A4 12 96 -1
C5 12 96 0
E5 12 96 -1
C4 12 16 0
A3 52 24 -1
E3 100 8 -1
E3 125 48 -1
Measure Number: 5
E4 12 96 -1
G3 24 32 0
A3 78 16 -1
B3 119 16 -1
D4 119 16 -1
C4 160 16 0
G3 201 16 0
D4 24 48 -1
E2 12 32 -1
F2 78 16 0
G2 119 16 0
A2 160 16 -1
B2 201 16 -1
Measure Number: 6
E4 12 32 -1
A3 80 16 -1
B3 92 16 0
D4 80 16 0
A3 122 48 -1
C4 122 48 0
E4 122 48 -1
A3 12 32 -1
C3 12 32 0
F3 80 16 0
E3 122 48 -1
Measure Number: 7
A3 114 16 -1
C4 114 16 0
E4 114 16 -1
C4 154 16 0
E4 154 16 -1
A4 154 16 -1
D4 195 16 -1
E4 207 16 -1
B4 195 16 -1
E4 236 32 -1
A4 236 32 -1
C5 236 32 0
D4 302 16 -1
E4 314 16 -1
B4 302 16 -1
E3 114 48 -1
E3 236 32 -1
E2 302 16 -1
Measure Number: 8
E4 10 32 -1
A4 10 32 -1
C5 10 32 0
C4 68 16 0
E4 68 16 -1
A4 68 16 -1
C4 105 32 0
E4 105 32 -1
A4 105 32 -1
rest 16
A2 10 32 -1
E3 68 16 -1
A3 105 32 -1
rest 16
Measure Number: 9
A5 12 48 -1
A6 12 48 -1
rest 32
rest 16
A1 12 16 -1
A2 12 16 -1
rest 16
G4 126 16 -1
A4 138 16 -1
E5 138 16 -1
F4 184 32 0
A4 184 32 -1
D5 184 32 0
rest 16
Measure Number: 10
A4 12 48 -1
A5 12 48 -1
rest 16
rest 8
C4 204 8 0
C5 204 8 0
F4 230 16 0
F5 230 16 0
A1 12 16 -1
A2 12 16 -1
rest 16
F3 95 16 -1
A3 95 16 -1
D4 95 16 -1
E3 136 16 -1
A3 136 16 -1
C4 136 16 0
rest 16
rest 16
Measure Number: 11
rest 16
rest 8
E4 80 8 -1
E5 80 8 -1
E4 105 16 -1
E5 105 16 -1
rest 16
rest 8
E4 214 8 -1
E5 214 8 -1
E4 240 16 -1
E5 240 16 -1
E1 12 16 -1
E2 12 16 -1
rest 16
E3 105 16 -1
C4 105 16 0
D3 147 16 0
F3 147 16 0
C4 147 16 -1
rest 16
rest 16
Measure Number: 12
rest 16
rest 8
E4 180 8 -1
E5 180 8 -1
E4 205 16 -1
E5 205 16 -1
rest 16
rest 8
E4 312 8 -1
E5 312 8 -1
E4 338 16 -1
E5 338 16 -1
E2 114 16 -1
rest 16
D3 205 16 0
F3 205 16 0
C4 205 16 -1
D3 246 32 -1
G3 246 32 0
B3 246 32 -1
rest 16
Measure Number: 13
A5 12 48 -1
A6 12 48 -1
rest 32
rest 16
A1 12 16 -1
A2 12 16 -1
rest 8
G4 125 8 -1
A4 137 8 -1
E5 137 8 -1
G4 155 16 -1
A4 167 16 -1
E5 167 16 -1
F4 216 32 0
A4 216 32 -1
D5 216 32 0
rest 16
Measure Number: 14
A4 12 48 -1
A5 12 48 -1
rest 6
C4 181 6 0
C5 181 6 0
D4 209 6 -1
D5 209 6 -1
D4 247 6 0
D5 247 6 0
E4 275 6 -1
E5 275 6 -1
E4 303 6 0
E5 303 6 0
G4 341 6 0
G5 341 6 0
rest 3
F4 388 3 0
F5 388 3 0
A1 12 16 -1
A2 12 16 -1
rest 8
F3 83 8 -1
A3 83 8 -1
D4 83 8 -1
F3 114 16 -1
A3 114 16 -1
D4 114 16 -1
E3 154 16 -1
A3 154 16 -1
C4 154 16 0
rest 16
rest 16
Measure Number: 15
F4 12 24 0
F5 12 24 0
E4 79 8 -1
E5 79 8 -1
E4 105 16 -1
E5 105 16 -1
rest 16
rest 8
E4 213 8 -1
E5 213 8 -1
E4 239 16 -1
E5 239 16 -1
E1 12 16 -1
E2 12 16 -1
rest 16
E3 105 16 -1
C4 105 16 0
D3 146 16 0
F3 146 16 0
C4 146 16 -1
rest 16
rest 16
Measure Number: 16
E4 114 24 -1
E5 114 24 -1
E4 171 8 -1
E5 171 8 -1
E4 194 16 -1
E5 194 16 -1
rest 16
rest 8
E4 287 8 -1
E5 287 8 -1
E4 310 16 -1
E5 310 16 -1
E2 114 16 -1
rest 16
D3 194 16 0
F3 194 16 0
C4 194 16 -1
D3 229 32 -1
G3 229 32 0
B3 229 32 -1
rest 16
Measure Number: 17
E4 12 24 -1
E5 12 24 -1
A4 74 8 -1
F4 98 16 0
F5 98 16 0
F4 136 24 0
F5 136 24 0
E4 182 8 -1
E5 182 8 -1
D4 209 16 0
D5 209 16 0
A1 12 16 -1
A2 12 16 -1
rest 16
C3 98 16 0
G3 86 16 -1
A3 98 16 -1
B2 136 48 0
F3 136 48 0
A3 136 48 -1
Measure Number: 18
rest 16
rest 8
D5 75 8 -1
D4 104 16 -1
G4 104 16 0
D5 104 16 -1
rest 16
rest 8
C4 199 8 0
A4 199 8 -1
C5 199 8 0
D4 222 16 -1
A4 222 16 -1
D5 222 16 -1
A1 12 16 -1
A2 12 16 -1
rest 16
G2 104 16 0
E3 104 16 -1
B3 104 16 -1
A2 140 48 -1
E3 140 48 -1
A3 140 48 -1
Measure Number: 19
C4 12 24 0
A4 12 24 -1
C5 12 24 0
B4 75 8 -1
B4 99 16 -1
B4 148 48 -1
B3 111 16 -1
D4 111 16 0
A4 111 16 -1
rest 16
rest 8
B3 210 8 -1
D4 210 8 0
A4 210 8 -1
B3 234 16 -1
D4 234 16 0
A4 234 16 -1
F1 12 16 0
F2 12 16 0
rest 16
G2 99 16 0
G3 99 16 0
F2 148 32 0
F3 148 32 0
rest 16
Measure Number: 20
B4 12 48 -1
rest 16
rest 8
G3 213 8 0
D4 213 8 -1
E4 225 8 -1
G3 241 16 0
D4 241 16 -1
E4 253 16 -1
rest 16
rest 8
B3 80 8 -1
D4 80 8 -1
G4 80 8 0
B3 105 16 -1
D4 105 16 -1
G4 105 16 0
E1 12 16 -1
E2 12 16 -1
rest 16
F2 105 16 0
F3 105 16 0
E2 146 32 -1
E3 146 32 -1
rest 16
Measure Number: 21
A3 114 16 -1
C4 114 16 0
A4 114 16 -1
rest 8
E5 197 8 -1
A5 197 8 -1
E6 197 8 -1
E5 229 16 -1
A5 229 16 -1
E6 229 16 -1
E5 280 24 -1
A5 280 24 -1
E6 280 24 -1
D5 343 8 0
D6 343 8 0
A5 375 16 -1
A6 375 16 -1
A1 114 16 -1
A2 114 16 -1
rest 8
G3 185 8 -1
A3 197 8 -1
G4 197 8 -1
G3 217 16 -1
A3 229 16 -1
G4 229 16 -1
F3 280 32 0
A3 280 32 -1
F4 280 32 0
rest 16
Measure Number: 22
rest 16
rest 8
D5 94 8 -1
A5 94 8 -1
D6 94 8 -1
D5 126 16 -1
A5 126 16 -1
D6 126 16 -1
D5 176 24 -1
A5 176 24 -1
D6 176 24 -1
C5 238 8 0
A5 238 8 -1
C6 238 8 0
E5 259 0 -1
A5 259 0 -1
E6 259 0 -1
D5 278 16 -1
A5 278 16 -1
D6 278 16 -1
A1 12 16 -1
A2 12 16 -1
rest 8
F3 94 8 -1
A3 94 8 -1
F4 94 8 -1
F3 126 16 -1
A3 126 16 -1
F4 126 16 -1
E3 176 32 -1
A3 176 32 -1
E4 176 32 -1
rest 16
Measure Number: 23
C5 12 24 0
A5 12 24 -1
C6 12 24 0
B4 90 8 -1
D5 90 8 0
A5 90 8 -1
B5 102 8 -1
B4 123 16 -1
D5 123 16 0
A5 123 16 -1
B5 135 16 -1
B5 171 48 -1
rest 16
rest 8
B4 248 8 -1
D5 248 8 0
A5 248 8 -1
B4 278 16 -1
D5 278 16 0
A5 278 16 -1
F2 12 16 0
F3 12 16 0
rest 8
G3 90 8 0
G4 90 8 0
G3 123 16 0
G4 123 16 0
F3 171 32 0
F4 171 32 0
rest 16
Measure Number: 24
B5 12 48 -1
rest 16
rest 8
G4 248 8 0
D5 248 8 -1
E5 260 8 -1
G4 278 16 0
D5 278 16 -1
E5 290 16 -1
rest 16
rest 8
B4 91 8 -1
D5 91 8 -1
G5 91 8 0
B4 121 16 -1
D5 121 16 -1
G5 121 16 0
E2 12 16 -1
E3 12 16 -1
rest 8
F3 91 8 0
F4 91 8 0
F3 121 16 0
F4 121 16 0
E3 169 32 -1
E4 169 32 -1
rest 16
Measure Number: 25
A4 114 16 -1
C5 114 16 0
A5 114 16 -1
rest 8
G5 179 8 -1
G6 179 8 -1
G5 205 16 -1
G6 205 16 -1
G5 245 48 -1
G6 245 48 -1
A2 114 16 -1
A3 114 16 -1
rest 8
G3 179 8 -1
G4 179 8 -1
G3 205 16 -1
G4 205 16 -1
G3 245 48 -1
G4 245 48 -1
Measure Number: 26
F4 11 0 0
G4 32 0 -1
G4 44 48 -1
F4 114 8 0
A4 141 8 0
C5 169 8 0
F5 196 8 0
F6 224 16 0
B3 32 48 -1
C4 44 48 0
E4 44 48 -1
E4 114 8 -1
C4 141 8 0
A3 169 8 0
F3 196 8 0
F2 224 16 0
Measure Number: 27
B5 12 16 -1
B6 12 16 -1
rest 8
A4 83 8 -1
A5 83 8 -1
A4 109 16 -1
A5 109 16 -1
A4 150 48 -1
A5 150 48 -1
B1 12 16 -1
B2 12 16 -1
rest 8
A3 83 8 -1
D4 83 8 0
F4 83 8 0
A3 109 16 -1
D4 109 16 0
F4 109 16 0
A3 150 16 -1
D4 150 16 0
F4 150 16 0
rest 8
B1 218 8 0
B2 218 8 0
B1 245 16 0
B2 245 16 0
Measure Number: 28
G4 4 0 0
A4 15 0 -1
A4 27 48 -1
G4 98 8 0
B4 127 8 0
D5 155 8 0
G5 183 8 0
G6 211 16 0
B1 27 48 0
B2 27 48 0
F4 98 8 0
D4 127 8 0
B3 155 8 0
G3 183 8 0
G2 211 16 0
Measure Number: 29
C6 12 16 0
C7 12 16 0
rest 16
A4 95 16 -1
G4 136 8 0
B4 165 8 0
D5 192 8 0
G5 218 8 0
G6 244 16 0
C2 12 16 0
C3 12 16 0
rest 16
G3 95 16 0
E4 95 16 0
F4 136 8 0
D4 165 8 0
B3 192 8 0
G3 218 8 0
G2 244 16 0
Measure Number: 30
C6 114 16 0
C7 114 16 0
rest 16
A4 204 16 -1
G4 249 8 0
B4 278 8 0
D5 307 8 0
G5 335 8 0
G6 363 16 0
C2 114 16 0
C3 114 16 0
rest 16
G3 204 16 0
E4 204 16 0
F4 249 8 0
D4 278 8 0
B3 307 8 0
G3 335 8 0
G2 363 16 0
Measure Number: 31
E6 25 16 0
C7 25 16 0
E7 25 16 0
rest 16
A4 117 16 0
G4 163 8 0
B4 192 8 0
D5 221 8 0
G5 250 8 0
G6 279 16 0
C2 25 16 0
C3 25 16 0
rest 16
G3 117 16 0
E4 117 16 0
F4 163 8 0
D4 192 8 0
B3 221 8 0
G3 250 8 0
G2 279 16 0
Measure Number: 32
E6 25 16 0
C7 25 16 0
E7 25 16 0
rest 16
A4 117 16 0
G4 163 8 0
B4 192 8 0
D5 221 8 0
G5 250 8 0
G6 279 16 0
C2 25 16 0
C3 25 16 0
rest 16
G3 117 16 0
E4 117 16 0
F4 163 8 0
D4 192 8 0
B3 221 8 0
G3 250 8 0
G2 279 16 0
Measure Number: 33
E6 16 16 0
C7 16 16 0
E7 16 16 0
E4 61 8 0
G4 90 8 0
D5 90 8 0
C5 119 8 0
G4 147 8 0
C5 176 8 0
F5 176 8 0
E5 204 8 0
C5 233 8 0
E5 262 8 0
A5 262 8 0
G5 290 8 0
E5 319 8 0
C2 16 16 0
C3 16 16 0
rest 16
rest 16
C3 176 48 0
G3 176 48 0
E4 176 48 0
Measure Number: 34
G5 122 8 0
D6 122 8 0
C6 153 8 0
G5 185 8 0
C6 217 8 0
F6 217 8 0
E6 249 8 0
C6 280 8 0
E6 318 8 0
A6 318 8 0
G6 350 8 0
E6 381 8 0
G6 413 8 0
D7 413 8 0
C7 445 8 0
G6 477 8 0
C3 122 48 0
G3 122 48 0
E4 122 48 0
F4 318 32 0
E4 445 16 0
G3 318 48 0
C4 318 48 0
Measure Number: 35
C7 14 8 0
F7 14 8 0
E7 44 8 0
C7 75 8 0
G6 105 8 0
E6 136 8 0
C6 167 8 0
G5 197 8 0
E5 228 8 0
C5 259 8 0
G4 289 8 0
C4 320 8 0
G3 350 8 0
C3 14 32 0
E3 14 32 0
C4 14 32 0
rest 16
rest 32
rest 16
Measure Number: 36
rest 96
C1 12 48 0
C2 12 48 0
C1 106 16 0
C2 106 16 0
D1 154 16 -1
D2 154 16 -1
D1 202 16 0
D2 202 16 0
Measure Number: 37
E4 12 32 -1
F4 97 16 0
E4 140 16 -1
G4 140 16 0
E4 182 16 -1
A4 182 16 -1
E4 224 16 -1
B4 224 16 -1
E4 12 32 -1
D4 97 16 0
E1 12 16 -1
E2 12 16 -1
rest 16
rest 16
D4 140 16 -1
C4 182 16 0
G3 224 16 0
Measure Number: 38
E4 111 32 -1
C5 111 32 0
F4 184 16 0
A4 184 16 -1
F5 184 16 0
E4 231 48 -1
A4 231 48 -1
E5 231 48 -1
A3 111 32 -1
E3 184 16 -1
B3 184 16 0
D4 184 16 0
E3 231 48 -1
C4 231 48 0
Measure Number: 39
E5 18 96 -1
E4 18 48 -1
G4 18 48 0
E4 144 48 -1
G4 144 48 0
D5 144 48 -1
D4 18 16 -1
C4 60 16 0
B3 102 16 -1
B3 144 16 -1
A3 186 16 0
B3 228 16 -1
Measure Number: 40
E5 12 96 -1
E4 12 96 -1
A4 12 96 -1
C5 12 96 0
C4 12 16 0
A3 59 24 -1
E3 115 8 -1
E3 144 48 -1
Measure Number: 41
E4 12 96 -1
G3 12 32 0
A3 86 16 -1
B3 133 16 -1
D4 133 16 -1
C4 179 16 0
G3 225 16 0
D4 24 48 -1
E2 12 32 -1
F2 86 16 0
G2 133 16 0
A2 179 16 -1
B2 225 16 -1
Measure Number: 42
E4 12 16 -1
E4 63 32 -1
F4 75 32 0
F4 166 48 0
A3 12 16 -1
A3 63 16 0
B3 114 16 -1
C4 186 16 0
E4 186 16 -1
D4 222 16 -1
A3 273 16 0
C3 12 16 0
F2 63 16 0
G2 114 16 0
A2 166 16 0
B2 222 16 -1
C3 273 16 0
Measure Number: 43
F4 114 16 0
G4 154 32 -1
B4 154 32 -1
A4 235 48 -1
B3 114 16 -1
C4 154 16 0
D4 195 16 -1
E4 255 16 -1
G4 255 16 -1
F4 292 16 0
C4 332 16 0
D3 114 16 -1
A2 154 16 -1
B2 195 16 -1
C3 235 16 0
D3 292 16 -1
E3 332 16 -1
Measure Number: 44
A4 10 16 -1
A4 51 32 -1
C5 51 32 0
F4 155 16 0
A4 155 16 -1
G4 202 16 0
D4 244 16 0
D4 10 16 -1
D4 51 16 0
E4 93 16 -1
B4 135 48 -1
F3 10 16 0
B2 51 16 -1
C3 93 16 0
D3 135 16 0
E3 202 16 -1
F3 244 16 0
Measure Number: 45
E4 10 32 -1
G4 10 32 0
E5 10 32 -1
F4 80 16 0
B4 80 16 -1
F5 80 16 0
G4 123 16 0
E5 123 16 -1
G5 123 16 0
A4 167 16 -1
E5 167 16 -1
A5 167 16 -1
B4 211 16 -1
E5 211 16 -1
B5 211 16 -1
E3 10 96 -1
D4 80 16 0
D4 123 16 -1
E4 135 16 -1
C4 167 16 0
E4 167 16 -1
G3 211 16 0
E4 211 16 -1
Measure Number: 46
C5 12 32 0
E5 12 32 -1
C6 12 32 0
F5 118 16 0
A5 118 16 -1
F6 118 16 0
E5 167 32 -1
A5 167 32 -1
E6 167 32 -1
F6 245 16 0
A6 245 16 -1
F7 245 16 0
E3 12 32 -1
B4 118 16 0
D5 118 16 0
C5 167 32 0
B5 245 16 0
D6 245 16 0
A3 12 32 -1
E4 12 32 -1
E4 118 16 -1
E4 167 32 -1
E5 245 16 -1
Measure Number: 47
E6 12 32 -1
A6 12 32 -1
E7 12 32 -1
rest 16
rest 32
rest 16
C6 12 32 0
rest 16
E1 107 48 -1
E2 107 48 -1
E5 12 32 -1
Measure Number: 48
E1 114 16 -1
E2 114 16 -1
A1 150 16 -1
B1 187 16 -1
C2 224 32 0
B1 283 16 -1
A2 150 16 -1
B2 187 16 -1
C3 224 32 0
B2 283 16 -1
Measure Number: 49
C2 12 32 0
A1 77 16 -1
A1 118 48 -1
A2 118 48 -1
C3 12 32 0
A2 77 16 -1
Measure Number: 50
A5 12 96 -1
A6 12 96 -1
C4 12 96 0
E4 12 96 -1
A4 12 96 -1
C5 12 96 0
Measure Number: 51
A5 12 96 -1
A6 12 96 -1
C4 12 96 0
E4 12 96 -1
A4 12 96 -1
C5 12 96 0
Measure Number: 52
A5 12 16 -1
A6 12 16 -1
rest 16
C6 78 16 0
C5 111 16 0
rest 16
C6 177 16 0
C4 12 16 0
E4 12 16 -1
A4 12 16 -1
C5 12 16 0
rest 16
rest 16
rest 32
rest 16
Measure Number: 53
C5 10 16 0
rest 16
C6 67 16 0
C5 95 16 0
rest 16
C6 152 16 0
rest 96
Measure Number: 54
C5 12 16 0
rest 16
B4 78 16 -1
A5 78 16 0
C5 111 16 0
rest 16
B4 177 16 -1
G5 177 16 0
C2 12 16 0
rest 16
G3 78 16 0
C4 78 16 0
F4 78 16 0
C3 111 16 0
rest 16
G3 177 16 0
C4 177 16 0
E4 177 16 0
Measure Number: 55
C5 111 16 0
rest 16
A4 196 16 0
F5 196 16 0
G5 219 0 0
A4 238 16 0
F5 238 16 0
G4 281 16 0
E5 281 16 0
F4 323 16 0
D5 323 16 0
F3 111 16 0
rest 16
C4 196 16 0
F4 196 16 0
D3 238 16 0
rest 16
A3 323 16 0
C4 323 16 0
Measure Number: 56
G4 10 16 0
rest 16
F4 89 16 0
E5 89 16 0
G4 128 16 0
rest 16
F4 208 16 0
D5 208 16 0
G2 10 16 0
rest 16
D3 89 16 0
G3 89 16 0
C4 89 16 0
G2 128 16 0
rest 16
G3 208 16 0
B3 208 16 0
Measure Number: 57
G4 12 16 0
rest 16
E4 99 16 0
C5 99 16 0
D5 136 0 0
E4 155 16 0
C5 155 16 0
F4 198 16 0
B4 198 16 0
E4 242 16 0
C5 242 16 0
C2 12 16 0
rest 16
G3 99 16 0
C4 99 16 0
C4 145 48 0
G3 155 16 0
A3 198 16 -1
G3 242 16 0
C3 155 48 0
Measure Number: 58
E4 12 16 0
C5 12 16 0
rest 16
B4 88 16 -1
A5 88 16 0
C5 126 16 0
rest 16
B4 202 16 -1
G5 202 16 0
C3 12 16 0
rest 16
G3 88 16 0
C4 88 16 0
F4 88 16 0
C3 126 16 0
rest 16
G3 202 16 0
C4 202 16 0
E4 202 16 0
G3 12 16 0
C4 12 16 0
Measure Number: 59
C5 10 16 0
rest 16
A4 95 16 0
F5 95 16 0
G5 118 0 0
A4 137 16 0
F5 137 16 0
G4 180 16 0
E5 180 16 0
F4 222 16 0
D5 222 16 0
F3 10 16 0
rest 16
C4 95 16 0
F4 95 16 0
D3 137 16 0
rest 16
A3 222 16 0
C4 222 16 0
Measure Number: 60
G4 111 16 0
rest 16
F4 210 16 0
E5 210 16 0
G4 259 16 0
rest 16
F4 358 16 0
D5 358 16 0
G2 111 16 0
rest 16
D3 210 16 0
G3 210 16 0
C4 210 16 0
G2 259 16 0
rest 16
G3 358 16 0
B3 358 16 0
Measure Number: 61
G4 12 16 0
rest 16
E4 123 16 0
C5 123 16 0
D5 159 0 0
E4 178 16 0
C5 178 16 0
F4 234 16 0
B4 234 16 0
E4 289 16 0
C5 289 16 0
C2 12 16 0
rest 16
G3 123 16 0
C4 123 16 0
C4 168 48 0
G3 178 16 0
A3 234 16 -1
G3 289 16 0
C3 178 48 0
Measure Number: 62
E4 12 16 0
C5 12 16 0
rest 16
E4 123 16 0
C5 123 16 0
D5 159 0 0
E4 178 16 0
C5 178 16 0
F4 233 16 0
B4 233 16 0
E4 289 16 0
C5 289 16 0
C3 12 16 0
rest 16
G3 123 16 0
C4 123 16 0
C4 168 48 0
G3 12 16 0
C4 12 16 0
G3 178 16 0
A3 233 16 -1
G3 289 16 0
C3 178 48 0
Measure Number: 63
E4 10 16 0
C5 10 16 0
rest 16
C5 110 16 0
C5 160 16 0
rest 16
C5 260 16 0
E4 110 16 0
F4 160 16 0
D4 260 16 0
C3 10 32 0
G3 110 16 0
C4 110 16 0
C3 160 32 0
A3 260 16 -1
C4 260 16 0
Measure Number: 64
C5 111 16 0
rest 16
C5 197 16 0
C5 241 16 0
rest 16
C5 327 16 0
A4 111 16 -1
F4 197 16 0
G4 241 16 0
E4 327 16 0
C3 111 32 0
A3 197 16 -1
D4 197 16 0
C3 241 32 0
B3 315 16 -1
C4 327 16 0
Measure Number: 65
C5 10 32 0
C5 88 16 0
rest 32
A4 205 16 -1
F5 205 16 0
E4 10 32 0
A4 10 32 -1
F4 88 16 0
F2 10 16 0
rest 16
C3 88 16 0
A3 88 16 -1
C4 88 16 0
F2 127 16 0
rest 16
F3 205 16 0
C4 205 16 0
F4 205 16 0
Measure Number: 66
G5 11 0 0
F5 30 16 0
E5 68 16 -1
D5 105 16 -1
C5 143 16 0
A4 180 16 -1
B4 218 16 -1
A4 30 32 -1
B4 105 16 -1
A4 143 16 -1
F4 180 32 0
F2 30 16 0
rest 16
F3 105 16 0
D4 105 16 -1
F4 105 16 0
F2 143 16 0
rest 16
F3 218 16 0
C4 218 16 0
Measure Number: 67
F4 10 16 0
A4 10 16 -1
C5 10 16 0
rest 16
F4 94 16 -1
A4 94 16 -1
C5 94 16 0
rest 32
E4 221 16 -1
A4 221 16 -1
C5 221 16 0
F2 10 16 0
F3 10 16 0
rest 16
F2 94 16 -1
F3 94 16 -1
E2 136 16 -1
rest 16
E3 221 16 -1
C4 221 16 0
Measure Number: 68
C5 12 24 0
C5 77 8 0
E4 102 16 -1
A4 102 16 -1
D5 102 16 -1
E5 142 16 -1
rest 8
E4 206 8 -1
A4 206 8 -1
D4 231 16 -1
G4 231 16 0
B4 231 16 -1
E2 12 16 -1
rest 16
E3 102 16 -1
C4 102 16 0
E2 142 16 -1
rest 8
E3 206 8 -1
C4 206 8 0
E3 231 16 -1
B3 231 16 -1
Measure Number: 69
C4 114 16 0
A4 114 16 -1
C5 114 16 0
rest 16
E4 198 16 0
B4 198 16 -1
C5 209 16 0
rest 32
F4 324 16 0
A4 324 16 -1
C5 324 16 0
A2 114 16 -1
E3 114 16 -1
A3 114 16 -1
rest 16
G2 198 16 0
G3 198 16 0
F2 240 16 0
rest 16
C3 324 16 0
A3 324 16 -1
C4 324 16 0
Measure Number: 70
C5 10 32 0
A4 88 16 -1
F5 88 16 0
G5 108 0 0
F5 127 16 0
E5 166 16 -1
B4 206 16 -1
D5 206 16 -1
A4 127 32 -1
F2 10 16 0
rest 16
F3 88 16 0
C4 88 16 0
F4 88 16 0
F2 127 16 0
rest 16
F3 206 16 0
D4 206 16 -1
F4 206 16 0
Measure Number: 71
A4 12 16 -1
C5 12 16 0
G4 54 16 0
C5 54 16 0
F4 96 16 0
A4 96 16 -1
D5 96 16 0
E4 138 16 -1
G4 138 16 0
rest 16
C4 222 16 0
E4 222 16 -1
G4 222 16 0
F3 12 16 0
C4 12 16 0
F4 12 16 0
E3 54 16 -1
C4 54 16 0
F3 96 16 0
G3 138 16 0
A3 180 16 -1
G3 222 16 0
Measure Number: 72
C4 12 32 0
E4 12 32 -1
G4 12 32 0
C4 109 16 0
E4 109 16 -1
G4 109 16 0
C4 157 32 0
D4 169 32 0
G4 157 32 0
B3 234 16 0
D4 234 16 0
G4 234 16 0
E3 12 16 -1
D3 60 16 0
C3 109 16 0
G2 157 48 0
Measure Number: 73
C4 14 16 0
E4 14 16 0
G4 14 16 0
rest 16
B4 80 16 -1
C5 92 16 0
G5 92 16 0
rest 32
A4 209 16 -1
C5 209 16 0
F5 209 16 0
C2 14 16 0
rest 16
B3 80 16 -1
C4 92 16 0
G4 92 16 0
C3 131 16 0
rest 16
A3 209 16 -1
C4 209 16 0
F4 209 16 0
Measure Number: 74
rest 32
G4 192 16 0
B4 192 16 -1
E5 192 16 -1
F5 214 0 0
G4 233 16 0
B4 233 16 -1
E5 233 16 -1
A4 273 16 -1
F4 314 16 0
D5 314 16 -1
C3 111 16 0
rest 16
G3 192 16 0
B3 192 16 -1
E4 192 16 -1
C3 233 16 0
rest 16
A3 314 16 -1
C4 314 16 0
F4 314 16 0
Measure Number: 75
E4 14 16 0
C5 14 16 0
rest 16
B4 86 16 -1
C5 98 16 0
G5 98 16 0
B4 129 32 -1
C5 141 32 0
G5 141 32 0
A4 226 16 -1
C5 226 16 0
F5 226 16 0
C3 14 16 0
rest 16
B3 86 16 -1
C4 98 16 0
G4 98 16 0
C3 141 16 0
rest 16
A3 226 16 -1
C4 226 16 0
F4 226 16 0
Measure Number: 76
A4 10 32 -1
C5 10 32 0
F5 10 32 0
G4 91 16 0
B4 91 16 -1
E5 91 16 -1
F5 112 0 0
G4 132 16 0
B4 132 16 -1
E5 132 16 -1
A4 172 16 -1
F4 213 16 0
D5 213 16 -1
C3 10 16 0
rest 16
G3 91 16 0
B3 91 16 -1
E4 91 16 -1
C3 132 16 0
rest 16
A3 213 16 -1
C4 213 16 0
F4 213 16 0
Measure Number: 77
E4 14 16 0
C5 14 16 0
rest 16
C5 99 16 0
C6 99 16 0
C5 142 32 0
C6 142 32 0
C5 215 16 0
D5 227 16 0
C6 227 16 0
C3 14 16 0
rest 16
E3 99 16 0
C4 99 16 0
C3 142 16 0
rest 16
F3 227 16 0
C4 215 16 0
D4 227 16 0
Measure Number: 78
C5 10 32 0
D5 21 32 0
C6 21 32 0
C5 100 16 0
F5 100 16 0
C6 100 16 0
C5 140 32 0
F5 140 32 0
C6 140 32 0
C5 218 16 0
E5 218 16 0
C6 218 16 0
C3 21 16 0
rest 16
A3 100 16 -1
C4 100 16 0
F4 100 16 0
C3 140 16 0
rest 16
G3 218 16 0
C4 218 16 0
E4 218 16 0
Measure Number: 79
C5 114 32 0
E5 114 32 0
C6 114 32 0
C5 182 16 0
D5 194 16 0
C6 194 16 0
C5 223 32 0
D5 235 32 0
C6 235 32 0
C5 315 16 0
E5 315 16 0
C6 315 16 0
C3 114 16 0
rest 16
F3 194 16 0
C4 182 16 0
D4 194 16 0
C3 235 16 0
rest 16
G3 315 16 0
C4 315 16 0
E4 315 16 0
Measure Number: 80
C5 12 32 0
E5 12 32 0
C6 12 32 0
C5 91 16 0
A5 91 16 -1
C6 91 16 0
C5 131 32 0
A5 131 32 -1
C6 131 32 0
C5 210 16 0
G5 210 16 0
C6 210 16 0
C3 12 16 0
rest 16
B3 79 16 -1
C4 91 16 0
A4 91 16 -1
C2 131 16 0
C3 131 16 0
rest 16
G3 210 16 0
B3 198 16 -1
C4 210 16 0
G4 210 16 0
Measure Number: 81
A5 12 0 -1
C5 31 32 0
G5 31 32 0
C6 31 32 0
C5 110 16 0
F5 110 16 0
C6 110 16 0
C5 150 16 0
F5 150 16 0
C6 150 16 0
rest 16
F5 229 16 0
F6 229 16 0
F1 31 16 0
F2 31 16 0
rest 16
F3 110 16 0
A3 110 16 -1
C4 110 16 0
F4 110 16 0
F2 150 16 0
F3 150 16 0
rest 16
F3 229 16 0
A3 229 16 -1
C4 229 16 0
F4 229 16 0
Measure Number: 82
G5 12 0 0
G6 12 0 0
F5 31 16 0
F6 31 16 0
E5 73 16 -1
E6 73 16 -1
D5 115 16 -1
B5 115 16 -1
D6 115 16 -1
C5 157 16 0
A5 157 16 -1
C6 157 16 0
A4 199 16 -1
F5 199 16 0
A5 199 16 -1
B4 241 16 -1
G5 241 16 0
B5 241 16 -1
F2 31 16 0
F3 31 16 0
rest 16
F3 115 16 0
A3 115 16 -1
C4 115 16 0
F4 115 16 0
F2 157 16 0
F3 157 16 0
rest 16
C3 241 16 0
C4 241 16 0
Measure Number: 83
C5 12 16 0
A5 12 16 -1
C6 12 16 0
rest 16
C5 91 16 0
A5 91 16 -1
C6 91 16 0
rest 32
C5 208 16 0
A5 208 16 -1
C6 208 16 0
F2 12 16 0
F3 12 16 0
rest 16
F2 91 16 -1
F3 91 16 -1
E2 130 16 -1
E3 130 16 -1
rest 16
E3 208 16 -1
A3 208 16 -1
C4 208 16 0
E4 208 16 -1
Measure Number: 84
C5 114 16 0
A5 114 16 -1
C6 114 16 0
rest 8
C5 195 8 0
A5 195 8 -1
C6 195 8 0
D5 226 16 -1
A5 226 16 -1
D6 226 16 -1
E5 276 16 -1
A5 276 16 -1
E6 276 16 -1
rest 8
A4 358 8 -1
E5 358 8 -1
A5 358 8 -1
B4 391 16 -1
E5 391 16 -1
B5 391 16 -1
E2 114 16 -1
E3 114 16 -1
rest 8
A3 195 8 -1
C4 195 8 0
F4 195 8 0
E3 226 16 -1
A3 226 16 -1
C4 226 16 0
E4 226 16 -1
E2 276 16 -1
E3 276 16 -1
rest 8
E3 358 8 -1
C4 358 8 0
E4 358 8 -1
E3 391 16 -1
G3 391 16 0
D4 379 16 -1
E4 391 16 -1
Measure Number: 85
C5 12 16 0
E5 12 16 -1
C6 12 16 0
rest 16
C5 106 16 0
E5 106 16 0
B5 94 16 -1
C6 106 16 0
rest 32
C5 246 16 0
F5 246 16 0
A5 246 16 -1
C6 246 16 0
A2 12 16 -1
A3 12 16 -1
rest 16
G2 106 16 0
G3 106 16 0
F2 152 16 0
F3 152 16 0
rest 16
C3 246 16 0
F3 246 16 0
A3 246 16 -1
C4 246 16 0
Measure Number: 86
C5 12 16 0
F5 12 16 0
A5 12 16 -1
C6 12 16 0
rest 16
F5 120 16 0
A5 120 16 -1
F6 120 16 0
G5 155 0 0
G6 155 0 0
F5 174 16 0
A5 174 16 -1
F6 174 16 0
F5 228 16 -1
A5 228 16 -1
F6 228 16 -1
E5 281 16 -1
A5 281 16 -1
E6 281 16 -1
F1 12 16 0
F2 12 16 0
rest 16
F3 120 16 0
A3 120 16 -1
F4 120 16 0
F3 174 16 0
A3 174 16 -1
F4 174 16 0
F3 228 16 -1
A3 228 16 -1
F4 228 16 -1
E3 281 16 -1
A3 281 16 -1
E4 281 16 -1
Measure Number: 87
D5 16 16 0
A5 16 16 -1
D6 16 16 0
rest 8
D5 99 8 -1
A5 99 8 -1
D6 99 8 -1
C5 132 16 0
A5 132 16 -1
C6 132 16 0
C5 183 16 0
A5 183 16 -1
C6 183 16 0
G4 235 16 0
C5 235 16 0
G5 235 16 0
B4 274 16 -1
C5 286 16 0
B5 286 16 -1
D3 16 16 0
A3 16 16 -1
D4 16 16 0
rest 8
D3 99 8 -1
A3 99 8 -1
D4 99 8 -1
C3 132 16 0
A3 132 16 -1
C4 132 16 0
C3 183 16 0
A3 183 16 -1
C4 183 16 0
G2 235 16 0
C3 235 16 0
G3 235 16 0
B2 274 16 -1
C3 286 16 0
B3 286 16 -1
Measure Number: 88
A4 114 16 -1
C5 114 16 0
A5 114 16 -1
rest 16
A4 219 16 -1
A4 271 16 -1
G4 324 16 0
G4 376 16 -1
G3 219 16 -1
C4 219 16 0
G3 271 48 -1
C4 271 48 0
A2 114 16 -1
C3 114 16 0
A3 114 16 -1
rest 16
A1 219 16 -1
A2 219 16 -1
A1 271 48 -1
A2 271 48 -1
Measure Number: 89
F3 17 16 0
F4 17 16 0
rest 16
rest 16
rest 16
G3 213 16 0
G4 213 16 0
B3 263 16 -1
B4 263 16 -1
D4 12 16 -1
C4 62 16 0
B3 113 16 -1
A3 163 16 -1
D2 12 16 -1
D3 12 16 -1
rest 16
rest 16
rest 32
rest 16
Measure Number: 90
A3 12 16 -1
A4 12 16 -1
rest 16
A4 118 16 -1
A4 171 16 -1
G4 223 16 0
G4 276 16 -1
G3 118 16 -1
C4 118 16 0
G3 171 48 -1
C4 171 48 0
rest 32
A1 118 16 -1
A2 118 16 -1
A1 171 48 -1
A2 171 48 -1
Measure Number: 91
F4 12 32 0
F4 112 16 0
F4 168 16 0
E4 224 16 0
G4 280 16 0
F3 12 32 0
D4 12 32 -1
F3 112 16 0
D4 112 16 -1
F3 168 48 0
D4 168 48 -1
D2 12 32 -1
D3 12 32 -1
G1 112 16 0
G2 112 16 0
G1 168 48 0
G2 168 48 0
Measure Number: 92
F4 114 16 0
rest 16
F4 222 16 0
F4 276 16 0
C4 330 16 0
E4 330 16 -1
B3 385 16 -1
D4 385 16 -1
F3 114 16 0
D4 114 16 -1
F3 222 16 0
F3 276 48 0
G1 114 16 0
G2 114 16 0
rest 16
G1 222 16 0
G2 222 16 0
G1 276 16 0
G2 276 16 0
A1 330 16 -1
A2 330 16 -1
B1 385 16 -1
B2 385 16 -1
Measure Number: 93
C4 14 16 0
rest 16
F4 122 16 0
F4 176 16 0
E4 231 16 -1
D4 285 16 -1
E3 14 16 0
F3 122 16 0
B3 122 16 0
F3 176 48 0
B3 176 48 0
C2 14 16 0
C3 14 16 0
rest 16
G1 122 16 0
G2 122 16 0
G1 176 48 0
G2 176 48 0
Measure Number: 94
C4 14 16 0
rest 16
D4 122 16 -1
F4 122 16 0
D4 176 16 -1
F4 176 16 0
C4 231 16 0
E4 231 16 -1
B3 285 16 -1
D4 285 16 -1
E3 14 16 0
F3 122 16 0
F3 176 48 0
C2 14 16 0
G2 14 16 0
rest 16
G2 122 16 0
G2 176 48 0
G1 122 16 0
G1 176 16 0
A1 231 16 -1
B1 285 16 -1
Measure Number: 95
E3 14 32 0
C4 14 32 0
F3 98 16 0
C4 86 16 0
D4 98 16 0
A3 151 32 -1
C4 151 32 0
F4 151 32 0
G3 236 16 0
C4 236 16 0
E4 236 16 0
C3 151 48 0
C2 14 48 0
C2 151 48 0
Measure Number: 96
C4 120 32 0
D4 132 32 0
C4 225 16 0
E4 225 16 0
E4 284 32 0
A4 284 32 -1
E4 377 16 0
G4 377 16 0
F3 132 32 0
G3 225 16 0
C4 284 32 0
B3 377 16 -1
C3 132 96 0
Measure Number: 97
E4 14 32 0
C5 14 32 0
F4 105 16 0
C5 105 16 0
D5 117 16 0
A4 161 32 -1
C5 161 32 0
F5 161 32 0
G4 251 16 0
C5 251 16 0
E5 251 16 0
C3 14 32 0
G3 14 32 0
B3 3 32 -1
C4 14 32 0
C3 105 16 0
G3 105 16 0
B3 105 16 -1
D4 105 16 0
C3 161 32 0
G3 161 32 0
B3 161 32 -1
F4 161 32 0
C3 251 16 0
G3 251 16 0
B3 251 16 -1
E4 251 16 0
Measure Number: 98
F4 16 32 0
C5 16 32 0
D5 28 32 0
G4 112 16 0
C5 112 16 0
E5 112 16 0
G4 153 0 0
C5 153 0 0
E5 153 0 0
C5 172 32 0
E5 172 32 0
A5 172 32 -1
B4 256 16 -1
C5 268 16 0
G5 268 16 0
C3 16 32 0
F3 16 32 0
B3 16 32 -1
D4 16 32 0
C3 112 16 0
G3 112 16 0
B3 112 16 -1
E4 112 16 0
C3 172 32 0
B3 160 32 -1
C4 172 32 0
A4 172 32 -1
B3 256 16 -1
C4 268 16 0
G4 268 16 0
Measure Number: 99
A4 12 16 -1
C5 12 16 0
F5 12 16 0
rest 16
rest 16
A3 182 48 -1
A4 182 48 -1
F3 12 48 0
rest 32
B3 273 16 0
D4 273 16 0
F3 12 16 0
C4 12 16 0
F4 12 16 0
rest 16
rest 16
rest 32
F2 273 16 -1
F3 273 16 -1
Measure Number: 100
A4 132 16 -1
G4 176 16 0
F4 220 16 0
E4 265 16 -1
C5 309 16 0
B4 353 16 -1
D4 176 32 -1
D4 277 32 -1
D4 341 16 -1
E4 353 16 -1
E2 113 0 -1
E3 132 96 -1
C4 132 16 0
E4 132 16 -1
B3 176 16 -1
A3 220 16 -1
G3 265 16 0
F3 309 16 0
G3 353 16 0
Measure Number: 101
C4 30 16 0
E4 30 16 -1
A4 30 16 -1
rest 16
rest 16
C5 155 48 0
F4 155 32 0
F4 221 16 1
A2 11 0 -1
A3 30 96 -1
D4 155 32 0
E4 221 16 -1
Measure Number: 102
C5 12 16 0
B4 62 16 0
A4 111 16 0
G4 160 16 0
E5 211 16 0
D5 260 16 0
G4 12 16 0
F4 62 32 0
F4 172 32 0
F4 248 16 0
G4 260 16 0
G3 12 96 0
E4 12 16 -1
D4 62 16 0
C4 111 16 0
B3 160 16 0
A3 211 16 0
B3 260 16 0
Measure Number: 103
C5 14 16 0
rest 16
C6 86 16 0
C5 121 16 0
rest 16
C6 193 16 0
E4 14 16 0
G4 14 16 0
C3 14 16 0
G3 14 16 0
rest 16
rest 16
rest 32
rest 16
C4 14 16 0
Measure Number: 104
C5 10 16 0
rest 16
C6 73 16 0
C5 104 16 0
rest 16
C6 167 16 0
rest 96
Measure Number: 105
C5 114 16 0
rest 16
B4 209 16 -1
A5 209 16 0
C5 256 16 0
rest 16
B4 352 16 -1
G5 352 16 0
C2 114 16 0
rest 16
G3 209 16 0
C4 209 16 0
F4 209 16 0
C3 256 16 0
rest 16
G3 352 16 0
C4 352 16 0
E4 352 16 0
Measure Number: 106
C5 10 16 0
rest 16
A4 118 16 0
F5 118 16 0
G5 153 0 0
A4 172 16 0
F5 172 16 0
G4 226 16 0
E5 226 16 0
F4 280 16 0
D5 280 16 0
F3 10 16 0
rest 16
C4 118 16 0
F4 118 16 0
D3 172 16 0
rest 16
A3 280 16 0
C4 280 16 0
Measure Number: 107
G4 10 16 0
rest 16
F4 112 16 0
E5 112 16 0
G4 163 16 0
rest 16
F4 266 16 0
D5 266 16 0
G2 10 16 0
rest 16
D3 112 16 0
G3 112 16 0
C4 112 16 0
G2 163 16 0
rest 16
D3 266 16 0
G3 266 16 0
B3 266 16 0
Measure Number: 108
G4 12 16 0
rest 16
E4 127 16 0
C5 127 16 0
D5 165 0 0
E4 184 16 0
C5 184 16 0
F4 241 16 0
B4 241 16 0
E4 298 16 0
C5 298 16 0
C2 12 16 0
rest 16
G3 127 16 0
C4 127 16 0
C4 174 48 0
G3 184 16 0
A3 241 16 -1
G3 298 16 0
C3 184 48 0
Measure Number: 109
E4 114 16 0
C5 114 16 0
rest 16
B4 212 16 -1
A5 212 16 0
C5 262 16 0
rest 16
B4 360 16 -1
G5 360 16 0
C3 114 16 0
rest 16
G3 212 16 0
D4 212 16 0
C3 262 16 0
rest 16
G3 360 16 0
E4 360 16 0
G3 114 16 0
C4 114 16 0
Measure Number: 110
C5 10 16 0
rest 16
A4 117 16 0
F5 117 16 0
G5 152 0 0
A4 171 16 0
F5 171 16 0
G4 225 16 0
E5 225 16 0
F4 279 16 0
D5 279 16 0
F3 10 16 0
rest 16
C4 117 16 0
F4 117 16 0
D3 171 16 0
rest 16
C4 279 16 0
A4 279 16 0
Measure Number: 111
G4 10 16 0
rest 16
F4 110 16 0
E5 110 16 0
G4 160 16 0
rest 16
F4 260 16 0
D5 260 16 0
G2 10 16 0
rest 16
D3 110 16 0
A3 110 16 0
G2 160 16 0
rest 16
D3 260 16 0
B3 260 16 0
Measure Number: 112
G4 12 16 0
rest 16
E4 126 16 0
C5 126 16 0
D5 164 0 0
E4 183 16 0
C5 183 16 0
F4 240 16 0
B4 240 16 0
E4 297 16 0
C5 297 16 0
C2 12 16 0
rest 16
G3 126 16 0
C4 126 16 0
C4 173 48 0
G3 183 16 0
A3 240 16 -1
G3 297 16 0
C3 183 48 0
Measure Number: 113
E4 114 16 0
C5 114 16 0
rest 16
E4 218 16 0
C5 218 16 0
D5 254 0 0
E4 274 16 0
C5 274 16 0
F4 326 16 0
B4 326 16 0
E4 378 16 0
C5 378 16 0
C3 114 16 0
rest 16
G3 218 16 0
C4 218 16 0
C4 264 48 0
G3 114 16 0
C4 114 16 0
G3 274 16 0
A3 326 16 -1
G3 378 16 0
C3 274 48 0
Measure Number: 114
E4 12 16 0
C5 12 16 0
rest 16
E4 109 16 0
C5 109 16 0
E4 157 16 0
C5 157 16 0
rest 16
E4 254 16 0
C5 254 16 0
C3 12 32 0
G3 109 16 0
C4 109 16 0
C3 157 32 0
G3 254 16 0
C4 254 16 0
G3 12 32 0
C4 12 32 0
Measure Number: 115
E4 10 16 0
C5 10 16 0
rest 16
E4 103 16 0
C5 103 16 0
E4 150 16 0
C5 150 16 0
rest 16
E4 243 16 0
C5 243 16 0
C3 10 32 0
G3 103 16 0
C4 103 16 0
C3 150 32 0
G3 243 16 0
C4 243 16 0
Measure Number: 116
E4 21 0 -1
C5 32 0 0
C5 43 0 0
C6 55 48 0
C6 183 8 0
B5 216 8 -1
A5 250 8 -1
G5 283 8 0
A5 317 8 -1
F5 350 8 -1
A2 55 32 -1
E3 129 16 -1
A3 129 16 -1
E4 129 16 -1
F3 183 48 -1
A3 183 48 -1
F4 183 48 -1
Measure Number: 117
D5 120 8 0
F5 156 8 0
E5 192 8 -1
C5 228 8 0
A4 264 8 -1
F4 300 8 0
E4 336 32 -1
D4 415 16 -1
G4 415 16 0
A1 120 16 -1
rest 16
E3 264 16 -1
C4 336 32 0
B3 415 16 -1
E3 336 48 -1
Measure Number: 118
C4 16 0 0
E4 26 0 -1
A4 37 0 -1
C5 48 0 0
E5 59 0 -1
A5 70 0 -1
C6 81 0 0
C7 93 48 0
C7 273 8 0
B6 310 8 -1
A6 348 8 -1
G6 385 8 0
A6 423 8 -1
F6 460 8 -1
A2 93 16 -1
rest 16
E3 213 16 -1
C4 213 16 0
A4 213 16 -1
E3 273 48 0
C4 273 48 0
A4 273 48 -1
Measure Number: 119
D6 16 8 0
F6 51 8 0
E6 86 8 -1
C6 121 8 0
A5 156 8 -1
F5 191 8 0
E5 227 8 -1
C5 262 8 0
A4 297 8 -1
F4 332 8 0
C4 367 8 0
D4 403 8 0
A2 16 16 -1
rest 16
F3 156 16 0
F3 227 32 0
C4 227 32 0
B2 367 16 -1
A3 367 16 -1
Measure Number: 120
E4 111 0 -1
G4 122 0 0
G5 133 48 0
G5 307 8 0
F5 343 8 0
E5 380 8 -1
D5 416 8 0
E5 452 8 -1
C5 488 8 -1
E2 133 16 -1
rest 16
B2 249 16 -1
G3 249 16 0
E4 249 16 -1
C3 307 48 -1
G3 307 48 0
E4 307 48 -1
Measure Number: 121
A4 14 8 0
C5 51 8 0
B4 88 8 -1
G4 126 8 0
E4 163 8 -1
C4 200 8 0
B3 237 32 -1
A3 320 16 -1
D4 320 16 0
E1 14 16 -1
rest 16
B2 163 16 -1
G3 237 32 0
F3 320 16 0
B2 237 48 -1
Measure Number: 122
G3 12 0 0
B3 23 0 -1
E4 34 0 -1
G4 45 0 0
B4 56 0 -1
E5 67 0 -1
G5 78 0 0
G6 90 48 0
G6 274 8 0
F6 312 8 0
E6 351 8 -1
D6 389 8 0
E6 428 8 -1
C6 466 8 -1
E2 90 16 -1
rest 16
E3 213 16 -1
B3 213 16 -1
B4 213 16 -1
E3 274 48 -1
C4 274 48 -1
C5 274 48 -1
Measure Number: 123
A5 122 8 0
C6 158 8 0
B5 193 8 -1
G5 229 8 0
D5 265 8 0
E5 301 8 -1
E5 358 8 0
G5 394 8 0
F5 430 8 0
D5 466 8 -1
B4 502 8 -1
F4 538 8 0
E2 122 16 -1
rest 16
E3 265 16 -1
B3 358 32 -1
E4 358 32 -1
G4 358 32 0
D5 358 32 -1
rest 16
Measure Number: 124
E4 10 8 -1
A4 43 8 -1
C5 76 8 0
E5 109 8 -1
G5 142 8 0
F5 176 8 0
E5 209 8 -1
C5 242 8 0
D5 275 8 -1
A4 308 8 0
B4 342 8 -1
F4 375 8 0
A2 10 16 -1
E3 76 32 -1
C4 76 32 0
E4 76 32 -1
B2 209 16 -1
E3 275 32 -1
G3 275 32 0
E4 275 32 -1
Measure Number: 125
E4 10 8 -1
A4 44 8 -1
C5 78 8 0
E5 113 8 -1
G5 147 8 0
F5 181 8 0
E5 216 8 -1
C5 250 8 0
D5 284 8 -1
A4 319 8 0
B4 353 8 -1
D4 387 8 -1
A2 10 16 -1
E3 78 32 -1
A3 78 32 -1
E4 78 32 -1
B2 216 16 -1
E3 284 32 -1
B3 284 32 -1
E4 284 32 -1
Measure Number: 126
C4 114 8 0
D4 147 8 -1
E4 180 8 -1
F4 214 8 0
G4 247 8 -1
A4 280 8 -1
B4 314 8 -1
C5 347 8 0
D5 380 8 -1
E5 414 8 -1
F5 447 8 0
G5 481 8 -1
A2 114 16 -1
rest 16
rest 16
G3 302 48 -1
A3 314 48 -1
C4 314 48 0
G4 314 32 -1
D4 447 16 0
Measure Number: 127
C6 21 8 0
B5 57 8 -1
A5 92 8 -1
B5 127 8 -1
A5 163 8 -1
G5 198 8 -1
A5 233 8 -1
G5 269 8 -1
F5 304 8 0
G5 339 8 -1
F5 375 8 0
E5 410 8 0
G3 10 96 -1
A3 21 96 -1
C4 21 96 0
E4 21 48 -1
E4 233 48 0
Measure Number: 128
F5 10 8 0
G5 46 8 -1
G5 83 8 0
A5 119 8 -1
C6 156 8 0
B5 193 8 -1
A5 229 8 -1
F5 266 8 0
G5 302 8 -1
D5 339 8 0
E5 376 8 -1
B4 412 8 -1
D3 10 16 -1
A3 83 32 -1
F4 83 32 0
A4 83 32 -1
E3 229 16 -1
A3 302 32 -1
C4 302 32 0
A4 302 32 -1
Measure Number: 129
A4 111 8 -1
D5 145 8 -1
F5 179 8 0
A5 213 8 -1
C6 247 8 0
B5 281 8 -1
A5 315 8 -1
F5 349 8 0
G5 383 8 -1
D5 417 8 0
E5 451 8 -1
G4 485 8 -1
D3 111 16 -1
A3 179 32 -1
D4 179 32 -1
A4 179 32 -1
E3 315 16 -1
A3 383 32 -1
E4 383 32 -1
A4 383 32 -1
Measure Number: 130
F4 12 8 0
G4 46 8 0
A4 80 8 -1
B4 114 8 -1
C5 148 8 0
D5 182 8 -1
E5 225 8 -1
E5 259 8 0
F5 293 8 0
G5 327 8 0
A5 361 8 0
B5 395 8 -1
D2 12 16 -1
rest 16
rest 16
F4 225 48 0
A4 225 48 -1
D4 225 32 -1
A3 361 16 0
Measure Number: 131
C6 12 8 0
D6 49 8 -1
E6 86 8 -1
E6 123 8 0
F6 159 8 0
G6 196 8 0
A6 233 8 0
B6 270 8 -1
C7 306 8 0
D7 343 8 -1
E7 380 8 -1
E7 416 8 0
F4 12 96 0
A4 12 96 -1
B3 12 48 -1
C4 233 48 0
Measure Number: 132
F7 114 8 0
E7 153 8 0
E7 193 8 -1
D7 233 8 -1
C7 284 8 0
B6 324 8 -1
A6 364 8 -1
G6 403 8 0
F6 443 8 0
E6 483 8 0
E6 522 8 -1
D6 562 8 -1
D3 114 16 -1
rest 16
F4 284 16 0
A4 284 16 -1
B4 296 16 -1
F4 364 16 0
A4 364 16 -1
B4 376 16 -1
rest 8
F4 483 8 0
A4 483 8 -1
C5 483 8 0
A4 522 16 -1
B4 534 16 -1
D5 522 16 -1
Measure Number: 133
C6 12 8 0
B5 49 8 -1
A5 85 8 -1
G5 122 8 0
F5 158 8 0
E5 195 8 0
E5 231 8 -1
D5 268 8 -1
C5 304 8 0
E5 341 8 -1
D5 377 8 -1
F4 414 8 0
A4 12 32 -1
B4 24 32 -1
D5 12 32 -1
A3 158 16 -1
B3 170 16 -1
D4 158 16 -1
F4 158 16 0
A3 231 32 -1
B3 243 32 -1
D4 231 32 -1
F4 231 32 0
rest 16
Measure Number: 134
B4 21 48 -1
A4 161 0 0
B4 172 0 -1
C5 186 48 0
B4 321 0 -1
C5 332 0 0
D2 21 16 -1
D3 21 16 -1
B3 76 16 -1
F4 76 16 0
F3 131 16 0
C3 186 16 0
A3 241 16 0
E4 241 16 -1
F3 296 16 0
Measure Number: 135
D5 113 48 -1
C5 208 0 0
D5 219 0 -1
E5 239 16 0
D5 280 8 1
E5 306 8 0
G5 332 8 0
F5 358 8 0
B2 113 16 -1
B3 155 16 -1
D4 155 16 -1
F3 197 16 0
D3 239 16 -1
B3 280 16 -1
F4 280 16 0
A3 332 16 -1
Measure Number: 136
E5 21 0 -1
E4 40 48 -1
E5 40 48 -1
A4 212 16 -1
A5 212 16 -1
G4 254 16 0
G5 254 16 0
F4 308 16 0
F5 308 16 0
D5 201 48 -1
E2 40 8 -1
B2 67 8 -1
E3 94 8 -1
G3 121 8 0
E3 147 8 -1
B2 174 8 -1
F2 201 8 0
A2 227 8 -1
D3 254 8 -1
A3 281 8 -1
D3 308 8 -1
A2 334 8 -1
Measure Number: 137
E4 10 48 -1
D5 10 48 -1
E5 21 48 -1
A4 180 16 -1
A5 180 16 -1
G4 221 16 0
G5 221 16 0
F4 274 16 0
F5 274 16 0
D5 168 48 -1
F2 10 8 0
D3 36 8 -1
E3 62 8 -1
A3 89 8 -1
E3 115 8 -1
D3 142 8 -1
F2 168 8 0
A2 195 8 -1
D3 221 8 -1
A3 248 8 -1
D3 274 8 -1
A2 301 8 -1
Measure Number: 138
E4 10 32 -1
D5 10 32 -1
E5 21 32 -1
D5 117 16 -1
F5 117 16 0
D5 171 32 -1
F5 171 32 0
C5 279 16 0
E5 279 16 -1
F4 117 16 0
F4 171 48 0
F2 10 8 0
D3 36 8 -1
E3 63 8 -1
A3 90 8 -1
E3 117 8 -1
D3 144 8 -1
A2 171 8 0
E3 198 8 -1
F3 225 8 0
C4 252 8 0
F3 279 8 0
E3 306 8 -1
Measure Number: 139
E5 111 0 -1
D5 130 16 -1
C5 200 16 0
B4 270 16 -1
C5 341 32 0
D5 481 16 -1
F4 130 48 0
A4 130 48 -1
D4 341 48 -1
G4 341 48 0
B2 130 8 -1
F3 165 8 0
B3 200 8 -1
D4 235 8 -1
B3 270 8 -1
F3 306 8 0
E2 341 8 -1
B2 376 8 -1
E3 411 8 -1
G3 446 8 0
E3 481 8 -1
B2 516 8 -1
Measure Number: 140
D4 10 16 -1
A4 10 16 -1
D5 10 16 -1
rest 16
A5 151 16 -1
A6 151 16 -1
A5 222 16 -1
A6 222 16 -1
G5 292 16 0
G6 292 16 0
F5 363 16 0
F6 363 16 0
D6 226 48 -1
F2 10 8 0
A2 45 8 -1
D3 80 8 -1
F3 116 8 0
A3 151 8 -1
D4 186 8 -1
A4 222 8 -1
D4 257 8 -1
A3 292 8 -1
F3 328 8 0
D3 363 8 -1
A2 399 8 -1
Measure Number: 141
E5 10 16 -1
D6 10 16 -1
E6 21 16 -1
C5 78 16 0
C6 78 16 0
B4 147 16 -1
B5 147 16 -1
A4 216 16 -1
A5 216 16 -1
G4 285 16 0
G5 285 16 0
F4 354 16 0
F5 354 16 0
D5 220 48 -1
F2 10 8 0
D3 44 8 -1
E3 78 8 -1
A3 113 8 -1
E3 147 8 -1
D3 182 8 -1
F2 216 8 0
A2 251 8 -1
D3 285 8 -1
A3 319 8 -1
D3 354 8 -1
A2 388 8 -1
Measure Number: 142
E4 111 16 -1
D5 111 16 -1
E5 123 16 -1
D5 172 32 -1
F5 172 32 0
D5 294 32 -1
F5 294 32 0
C5 415 16 0
E5 415 16 -1
F4 172 32 0
F4 294 48 0
F2 111 8 0
C3 141 8 0
B3 172 8 -1
D4 202 8 -1
B3 233 8 -1
E3 263 8 -1
A2 294 8 0
E3 324 8 -1
F3 355 8 0
C4 385 8 0
F3 415 8 0
E3 446 8 -1
Measure Number: 143
E5 11 0 -1
D5 30 16 -1
C5 92 16 0
B4 153 16 -1
D4 214 32 -1
G4 214 32 0
C5 214 32 0
D4 337 16 -1
E4 349 16 -1
F4 30 48 0
A4 30 48 -1
B2 30 8 -1
F3 61 8 0
B3 92 8 -1
D4 122 8 -1
B3 153 8 -1
F3 184 8 0
E2 214 8 -1
B2 245 8 -1
E3 276 8 -1
G3 306 8 0
E3 337 8 -1
B2 368 8 -1
E3 337 16 -1
Measure Number: 144
C4 12 16 0
A4 12 16 -1
rest 16
A5 100 16 -1
A4 145 16 -1
rest 16
A5 233 16 -1
A2 12 16 -1
E3 12 16 -1
A3 12 16 -1
rest 16
rest 16
rest 32
rest 16
Measure Number: 145
A4 10 16 -1
rest 16
A5 89 16 -1
A4 129 16 -1
rest 16
A5 208 16 -1
rest 96
Measure Number: 146
A4 114 16 -1
rest 16
G4 214 16 -1
F5 214 16 0
A4 264 16 -1
rest 16
G4 364 16 -1
E5 364 16 -1
A1 114 16 -1
rest 16
E3 214 16 -1
A3 214 16 -1
D4 214 16 -1
A2 264 16 -1
rest 16
E3 364 16 -1
A3 364 16 -1
C4 364 16 0
Measure Number: 147
A4 10 16 -1
rest 16
F4 115 16 0
D5 115 16 -1
E5 148 0 -1
F4 167 16 0
D5 167 16 -1
E4 220 16 -1
C5 220 16 0
D4 272 16 -1
B4 272 16 -1
D3 10 16 -1
rest 16
A3 115 16 -1
D4 115 16 -1
B2 167 16 -1
rest 16
F3 272 16 0
A3 272 16 -1
Measure Number: 148
E4 12 16 -1
rest 16
D4 114 16 -1
C5 114 16 0
E4 164 16 -1
rest 16
D4 265 16 -1
B4 265 16 -1
E2 12 16 -1
rest 16
B2 114 16 -1
E3 114 16 -1
A3 114 16 -1
E2 164 16 -1
rest 16
E3 265 16 -1
G3 265 16 0
Measure Number: 149
E4 12 16 -1
rest 16
C4 125 16 0
A4 125 16 -1
B4 163 0 -1
C4 182 16 0
A4 182 16 -1
D4 238 16 -1
G4 238 16 0
C4 295 16 0
A4 295 16 -1
A1 12 16 -1
rest 16
E3 125 16 -1
A3 125 16 -1
A3 172 48 -1
E3 182 16 -1
F3 238 16 -1
E3 295 16 -1
A2 182 48 -1
Measure Number: 150
C4 114 16 0
A4 114 16 -1
rest 16
G4 215 16 -1
F5 215 16 0
A4 265 16 -1
rest 16
G4 367 16 -1
E5 367 16 -1
A2 114 16 -1
rest 16
E3 215 16 -1
B3 215 16 -1
A2 265 16 -1
rest 16
E3 367 16 -1
C4 367 16 0
E3 114 16 -1
A3 114 16 -1
Measure Number: 151
A4 10 16 -1
rest 16
F4 115 16 0
D5 115 16 -1
E5 149 0 -1
F4 168 16 0
D5 168 16 -1
E4 221 16 -1
C5 221 16 0
D4 274 16 -1
B4 274 16 -1
D3 10 16 -1
rest 16
A3 115 16 -1
D4 115 16 -1
B2 168 16 -1
rest 16
A3 274 16 -1
F4 274 16 0
Measure Number: 152
D4 12 16 -1
E4 24 16 -1
rest 16
D4 111 16 -1
C5 111 16 0
E4 160 16 -1
rest 16
D4 259 16 -1
B4 259 16 -1
E2 12 16 -1
rest 16
B2 111 16 -1
F3 111 16 0
E2 160 16 -1
rest 16
B2 259 16 -1
G3 259 16 0
Measure Number: 153
E4 12 16 -1
rest 16
C4 126 16 0
A4 126 16 -1
B4 164 0 -1
C4 183 16 0
A4 183 16 -1
D4 240 16 -1
G4 240 16 0
C4 297 16 0
A4 297 16 -1
A1 12 16 -1
rest 16
E3 126 16 -1
A3 126 16 -1
A3 173 48 -1
E3 183 16 -1
F3 240 16 -1
E3 297 16 -1
A2 183 48 -1
Measure Number: 154
C4 114 16 0
A4 114 16 -1
rest 16
C4 215 16 0
A4 215 16 -1
B4 246 0 -1
C4 265 16 0
A4 265 16 -1
D4 316 16 -1
G4 316 16 0
C4 366 16 0
A4 366 16 -1
A2 114 16 -1
rest 16
E3 215 16 -1
A3 215 16 -1
A3 255 48 -1
E3 114 16 -1
A3 114 16 -1
E3 265 16 -1
F3 316 16 -1
E3 366 16 -1
A2 265 48 -1
Measure Number: 155
C4 12 16 0
A4 12 16 -1
rest 16
A4 102 16 -1
A4 147 16 -1
rest 16
A4 236 16 -1
C4 102 16 0
D4 147 16 -1
B3 236 16 -1
A2 12 32 -1
E3 102 16 -1
A3 102 16 -1
A2 147 32 -1
F3 236 16 -1
A3 236 16 -1
Measure Number: 156
A4 16 16 -1
rest 16
A4 99 16 -1
A4 140 16 -1
rest 16
A4 223 16 -1
F4 16 16 -1
D4 99 16 -1
E4 140 16 -1
C4 223 16 0
A2 16 32 -1
F3 99 16 -1
B3 99 16 -1
A2 140 32 -1
G3 223 16 -1
Measure Number: 157
G4 57 16 1
rest 16
G3 175 16 1
C4 175 16 1
G4 175 16 1
G3 241 32 1
C4 241 32 1
G4 241 32 1
C4 372 16 1
E4 372 16 0
C5 372 16 1
E4 57 16 0
C2 57 16 1
B1 110 8 1
C2 143 8 1
F2 175 8 1
E2 208 8 0
D2 241 8 1
E2 274 8 0
A2 307 8 0
G2 340 8 1
F2 372 8 2
G2 405 8 1
Measure Number: 158
C4 114 16 1
E4 114 16 0
C5 114 16 1
C4 186 16 1
E4 186 16 0
B4 186 16 0
B3 258 16 1
F4 258 16 1
A4 258 16 0
C4 329 16 1
G4 329 16 1
C4 401 16 1
E4 401 16 0
C4 473 16 1
F4 473 16 1
D3 114 8 1
C3 150 8 1
B2 186 8 1
C3 222 8 1
C3 258 8 2
D3 294 8 1
E3 329 8 0
E3 365 8 1
F3 401 8 1
F3 437 8 2
G3 473 8 1
A3 509 8 0
Measure Number: 159
C4 12 16 1
E4 12 16 0
G4 12 16 1
rest 16
E4 149 16 0
G4 149 16 1
E4 225 32 0
G4 225 32 1
E4 377 16 0
G4 377 16 1
C3 12 16 1
G3 12 16 1
B3 73 8 1
C4 111 8 1
D4 149 8 1
C4 187 8 1
B3 225 8 0
C4 263 8 0
D4 301 8 0
C4 339 8 0
D4 377 8 0
C4 415 8 0
Measure Number: 160
E4 17 16 0
G4 17 16 1
E4 85 16 0
G4 85 16 1
E4 153 16 0
F4 165 16 1
A4 153 16 0
D4 221 16 1
A4 221 16 0
B4 233 16 0
A3 275 16 0
E4 275 16 0
A3 343 16 0
B3 355 16 0
D4 343 16 1
F4 343 16 1
A3 17 8 1
B3 51 8 0
C4 85 8 1
B3 119 8 0
C4 153 8 1
B3 187 8 0
B2 221 16 0
C3 275 8 1
B2 309 8 0
C3 343 8 1
B2 377 8 0
Measure Number: 161
G3 114 16 1
B3 114 16 0
E4 114 16 0
G4 114 16 1
rest 16
G3 236 16 1
B3 236 16 1
F4 236 16 1
G4 248 16 1
rest 32
G3 439 16 1
C4 439 16 1
E4 439 16 0
G4 439 16 1
E2 114 16 0
A2 169 8 0
G2 202 8 1
D2 236 8 1
G2 270 8 1
C2 304 8 1
A2 338 8 0
F2 372 8 2
G2 405 8 1
D3 439 8 1
C3 473 8 1
Measure Number: 162
G3 17 32 1
C4 17 32 1
E4 17 32 0
G4 17 32 1
C4 153 16 1
E4 153 16 0
C5 153 16 1
C4 221 16 1
E4 221 16 0
C5 221 16 1
C4 289 16 1
E4 289 16 0
B4 289 16 0
E4 357 16 0
A4 357 16 0
B2 17 8 1
C3 51 8 1
F3 85 8 1
E3 119 8 0
D3 153 8 1
E3 187 8 0
A3 221 8 0
G3 255 8 1
F3 289 8 2
G3 323 8 1
D4 357 8 1
C4 391 8 1
Measure Number: 163
E4 17 16 0
G4 17 16 1
G4 93 16 1
G4 170 16 1
A4 182 16 1
G4 246 16 1
B4 246 16 0
rest 16
E4 399 16 0
G4 399 16 1
E5 399 16 0
B3 17 8 1
C4 55 8 1
C4 93 8 2
D4 132 8 1
F4 170 8 1
E4 208 8 0
C4 246 8 2
D4 285 8 1
E4 323 8 0
D4 361 8 1
C4 399 8 1
G3 438 8 1
Measure Number: 164
D4 124 16 1
G4 124 16 1
D5 124 16 1
rest 16
D4 268 16 1
G4 268 16 1
B4 268 16 0
D5 268 16 1
D4 341 16 1
G4 341 16 1
A4 353 16 1
D5 341 16 1
rest 16
C4 471 16 1
D4 483 16 1
F4 471 16 2
A4 471 16 1
D5 471 16 1
A3 124 8 1
B3 160 8 0
C4 196 8 1
B3 232 8 0
G3 268 8 1
B2 304 8 0
D3 341 16 1
E3 398 8 0
D3 435 8 1
E3 471 8 0
D3 507 8 1
Measure Number: 165
G5 10 8 1
G4 45 8 1
G5 80 8 1
G5 115 8 1
G6 150 8 1
G5 185 8 1
G5 220 8 1
G4 256 8 1
G5 291 8 1
G5 326 8 1
G6 361 8 1
G5 396 8 1
G2 10 16 1
rest 16
F3 138 16 1
G3 150 16 1
D4 150 16 1
F3 208 32 1
G3 220 32 1
D4 220 32 1
E3 361 16 0
G3 361 16 1
C4 361 16 1
Measure Number: 166
G5 12 8 1
G4 47 8 1
G5 83 8 1
G5 118 8 1
G6 153 8 1
G5 188 8 1
G5 223 8 1
G4 258 8 1
G5 293 8 1
G5 329 8 1
G6 364 8 1
G5 399 8 1
E3 12 32 0
G3 12 32 1
C4 12 32 1
D3 153 16 1
F3 153 16 1
B3 153 16 0
A3 223 16 0
E3 293 16 0
F3 364 16 1
C3 223 48 1
Measure Number: 167
G5 124 8 1
G4 159 8 1
G5 194 8 1
G5 229 8 1
G6 264 8 1
G5 299 8 1
G5 334 8 1
G4 369 8 1
G5 404 8 1
G5 439 8 1
G6 474 8 1
G5 509 8 1
G2 124 16 1
B2 124 16 1
G3 124 16 1
rest 16
F3 252 16 1
G3 264 16 1
D4 264 16 1
F3 322 32 1
G3 334 32 1
D4 334 32 1
E3 474 16 0
G3 474 16 1
C4 474 16 1
Measure Number: 168
G5 12 8 1
G4 47 8 1
G5 82 8 1
G5 117 8 1
G6 152 8 1
G5 187 8 1
G5 222 8 1
G4 257 8 1
G5 292 8 1
G5 327 8 1
G6 362 8 1
G5 397 8 1
E3 12 32 0
G3 12 32 1
C4 12 32 1
D3 152 16 1
F3 152 16 1
B3 152 16 0
A3 222 16 0
E3 292 16 0
F3 362 16 1
C3 222 48 1
Measure Number: 169
G5 12 8 1
G4 47 8 1
G5 82 8 1
G5 117 8 1
G6 152 8 1
G5 187 8 1
G5 222 8 1
G4 257 8 1
G5 292 8 1
G5 327 8 1
G6 362 8 1
G5 397 8 1
G1 12 16 1
G2 12 16 1
rest 16
B2 152 16 1
D3 152 16 1
G3 152 16 1
B2 222 32 1
D3 222 32 1
G3 222 32 1
C3 362 16 1
E3 362 16 0
A3 362 16 1
Measure Number: 170
G5 112 8 1
G4 147 8 1
G5 183 8 1
G5 218 8 1
G6 254 8 1
G5 289 8 1
G5 325 8 1
G4 360 8 1
G5 396 8 1
G5 431 8 1
G6 467 8 1
G5 502 8 1
C3 112 32 1
E3 112 32 0
A3 112 32 1
E3 254 16 0
G3 254 16 1
C4 254 16 1
E3 325 32 0
G3 325 32 1
C4 325 32 1
D3 467 16 1
G3 467 16 1
B3 467 16 1
Measure Number: 171
G5 10 8 1
G4 45 8 1
G5 80 8 1
G5 116 8 1
G6 151 8 1
G5 187 8 1
G5 222 8 1
G4 258 8 1
G5 293 8 1
G5 329 8 1
G6 364 8 1
G5 400 8 1
G2 10 32 1
C3 151 16 1
G3 140 16 1
A3 151 16 1
G2 222 32 1
D3 364 16 1
G3 364 16 1
B3 364 16 1
Measure Number: 172
G5 10 8 1
G4 45 8 1
G5 80 8 1
G5 116 8 1
G6 151 8 1
G5 187 8 1
G5 222 8 1
G4 258 8 1
G5 293 8 1
G5 329 8 1
G6 364 8 1
G5 400 8 1
G2 10 32 1
F3 140 16 1
G3 151 16 1
B3 151 16 1
E4 151 16 0
G1 222 32 1
G2 222 32 1
F3 352 16 1
G3 364 16 1
B3 364 16 1
D4 364 16 1
Measure Number: 173
C5 114 8 1
E5 114 8 0
G5 114 8 1
G4 148 8 1
C5 182 8 1
E5 182 8 0
G5 182 8 1
G5 216 8 1
C6 250 8 1
E6 250 8 0
G6 250 8 1
G5 284 8 1
C5 318 8 1
E5 318 8 0
G5 318 8 1
G4 352 8 1
C5 386 8 1
E5 386 8 0
G5 386 8 1
C6 420 8 1
E6 466 8 0
C7 466 8 1
C6 500 8 1
C2 114 16 1
C3 114 16 1
rest 16
E3 250 16 0
G3 250 16 1
C4 250 16 1
C2 318 16 1
C3 318 16 1
rest 16
C4 466 16 1
E4 466 16 0
G4 466 16 1
C5 466 16 1
Measure Number: 174
A6 12 8 0
C7 12 8 1
C6 46 8 1
G6 80 8 1
B6 80 8 0
B5 114 8 0
F6 161 8 1
A6 161 8 0
A5 195 8 0
E6 239 8 0
G6 239 8 1
G5 273 8 1
C6 308 8 1
E6 308 8 0
E5 342 8 0
D6 376 8 1
F6 376 8 1
F5 410 8 1
C3 12 16 1
C4 12 16 1
rest 16
C4 161 16 1
F4 161 16 1
A4 161 16 0
C5 161 16 1
C3 239 16 1
C4 239 16 1
rest 16
G3 376 16 1
C4 376 16 1
E4 376 16 0
G4 376 16 1
Measure Number: 175
C6 12 8 1
E6 12 8 0
G6 12 8 1
G5 47 8 1
C5 81 8 1
E5 81 8 0
G5 81 8 1
G4 116 8 1
E5 150 8 0
G5 150 8 1
G5 184 8 1
E6 219 8 0
G6 219 8 1
G5 253 8 1
E5 288 8 0
G5 288 8 1
G4 322 8 1
E5 357 8 0
G5 357 8 1
G5 391 8 1
C2 12 32 1
C3 12 32 1
E3 150 16 0
G3 150 16 1
C4 150 16 1
E4 150 16 0
C2 219 32 0
C3 219 32 0
E3 357 16 0
G3 357 16 1
C4 357 16 0
E4 357 16 0
Measure Number: 176
E6 114 8 0
G6 114 8 1
G5 146 8 1
E5 178 8 0
G5 178 8 1
G4 210 8 1
F5 242 8 1
A5 242 8 0
A4 274 8 0
G5 306 8 1
B5 306 8 0
B4 338 8 0
G4 370 8 1
E5 370 8 0
E4 402 8 0
A4 434 8 0
F5 434 8 1
F4 465 8 1
B1 114 32 0
B2 114 32 0
G3 242 16 1
B3 242 16 0
E4 242 16 0
B1 306 32 0
B2 306 32 0
F3 434 16 1
B3 434 16 0
D4 434 16 1
Measure Number: 177
B4 12 8 0
E5 12 8 0
G5 12 8 1
G4 47 8 1
B4 82 8 0
E5 82 8 0
G5 82 8 1
G5 117 8 1
B5 152 8 0
E6 152 8 0
G6 152 8 1
G5 187 8 1
B4 222 8 1
E5 222 8 0
G5 222 8 1
G4 257 8 1
B4 292 8 1
E5 292 8 0
G5 292 8 1
G5 327 8 1
B5 362 8 1
E6 362 8 0
G6 362 8 1
G5 397 8 1
E2 12 32 0
E3 12 32 0
E3 152 16 0
G3 152 16 1
B3 152 16 0
E4 152 16 0
D2 222 32 1
D3 222 32 1
E3 362 16 0
G3 362 16 1
B3 362 16 1
E4 362 16 0
Measure Number: 178
C5 12 8 1
E5 12 8 0
G5 12 8 1
G4 47 8 1
C5 81 8 1
E5 81 8 0
G5 81 8 1
C6 115 8 1
E6 170 8 0
C7 170 8 1
C6 204 8 1
A6 248 8 0
C7 248 8 1
C6 283 8 1
G6 317 8 1
B6 317 8 0
B5 351 8 0
F6 406 8 1
A6 406 8 0
A5 440 8 0
C2 12 16 1
C3 12 16 1
rest 16
G3 170 16 1
C4 170 16 1
E4 170 16 0
C5 170 16 1
C3 248 16 1
C4 248 16 1
rest 16
A3 406 16 0
C4 406 16 1
F4 406 16 1
C5 406 16 1
Measure Number: 179
E6 114 8 0
G6 114 8 1
G5 148 8 1
E6 191 8 0
G6 191 8 1
G5 224 8 1
E6 272 8 0
A6 272 8 1
A5 305 8 1
E6 338 8 0
B6 338 8 0
B5 371 8 0
D6 414 8 1
F6 414 8 1
F5 447 8 1
D6 493 8 0
G6 493 8 1
G5 526 8 1
C3 114 16 1
C4 114 16 1
E4 191 16 0
C5 191 16 1
F3 272 16 1
F4 272 16 1
B2 338 16 0
B3 338 16 0
D4 414 16 1
B4 414 16 0
E3 493 16 0
E4 493 16 0
Measure Number: 180
D6 21 8 0
A6 21 8 0
A5 55 8 0
C6 90 8 1
E6 90 8 0
E5 124 8 0
C6 158 8 1
F6 158 8 1
F5 193 8 1
C6 227 8 1
G6 227 8 1
G5 262 8 1
B5 304 8 1
D6 304 8 1
D5 338 8 1
B5 377 8 0
E6 377 8 1
E5 412 8 1
A2 21 16 0
A3 21 16 0
C4 90 16 1
A4 90 16 0
D3 158 16 1
D4 158 16 1
G2 227 16 1
G3 227 16 1
B3 304 16 1
G4 304 16 1
C3 377 16 1
C4 377 16 1
Measure Number: 181
B5 12 8 0
F6 12 8 1
F5 45 8 1
A5 77 8 1
C6 77 8 1
C5 110 8 1
A5 143 8 0
D6 143 8 1
D5 175 8 1
A5 208 8 0
E6 208 8 0
E5 240 8 0
G5 273 8 1
B5 273 8 0
B4 305 8 0
G5 338 8 1
C6 338 8 1
C5 371 8 1
F2 12 16 1
F3 12 16 1
A3 77 16 1
F4 77 16 1
B2 143 16 0
B3 143 16 0
E2 208 16 0
E3 208 16 0
G3 273 16 1
E4 273 16 0
A2 338 16 1
A3 338 16 1
Measure Number: 182
G5 114 8 1
D6 114 8 1
D5 155 8 1
F5 199 8 2
A5 199 8 1
A4 240 8 1
F5 284 8 1
B5 284 8 1
B4 325 8 1
F5 366 8 1
C6 366 8 1
C5 407 8 1
E5 448 8 1
G5 448 8 1
G4 489 8 1
E5 530 8 0
A5 530 8 1
A4 571 8 1
D2 114 16 1
D3 114 16 1
F3 199 16 2
D4 199 16 1
G2 284 16 1
G3 284 16 1
C2 366 16 1
C3 366 16 1
E3 448 16 1
C4 448 16 1
F2 530 16 1
F3 530 16 1
Measure Number: 183
B4 16 16 0
D5 16 16 1
B5 16 16 0
rest 16
B3 122 16 0
B3 175 16 0
rest 16
B3 309 16 0
B1 16 16 0
B2 16 16 0
rest 16
rest 16
A1 175 8 1
B1 209 8 0
B2 242 8 0
B1 275 8 0
B2 309 8 0
B1 342 8 0
Measure Number: 184
B3 19 16 0
rest 16
B3 153 16 0
B3 220 16 0
rest 16
B3 354 16 0
A1 19 8 1
B1 52 8 0
B2 86 8 0
B1 120 8 0
B2 153 8 0
B1 187 8 0
A1 220 8 1
B1 254 8 0
B2 287 8 0
B1 321 8 0
B2 354 8 0
B1 388 8 0
Measure Number: 185
B3 114 16 0
rest 16
A3 324 16 0
D4 324 16 1
G4 324 16 1
B3 429 16 0
rest 16
A3 639 16 0
D4 639 16 1
F4 639 16 1
A1 114 8 1
B1 167 8 0
B2 219 8 0
B1 272 8 0
B2 324 8 0
B1 377 8 0
A1 429 8 1
B1 482 8 0
B2 534 8 0
B1 586 8 0
B2 639 8 0
B1 691 8 0
Measure Number: 186
B3 19 16 0
rest 16
E4 241 16 0
F4 329 0 1
E4 348 16 0
D4 454 16 1
C4 560 16 1
G3 241 16 1
G3 348 48 1
A1 19 8 1
B1 72 8 0
B2 125 8 0
B1 178 8 0
B2 241 8 0
B1 295 8 0
A1 348 8 1
B1 401 8 0
B2 454 8 0
B1 507 8 0
B2 560 8 0
B1 613 8 0
Measure Number: 187
G3 121 32 0
D4 332 16 1
G3 438 32 0
E3 650 16 0
C4 121 32 1
E3 332 16 0
D4 438 32 1
C4 650 16 1
A1 121 8 1
B1 173 8 0
B2 226 8 0
B1 279 8 0
B2 332 8 0
B1 385 8 0
A1 438 8 1
B1 491 8 0
B2 544 8 0
B1 597 8 0
B2 650 8 0
B1 703 8 0
Measure Number: 188
C4 19 32 1
B3 231 16 0
B3 337 48 0
G3 19 48 0
G3 337 16 0
F3 443 16 1
A3 443 16 0
E3 548 16 0
G3 548 16 0
A1 19 8 1
B1 72 8 0
B2 125 8 0
B1 178 8 0
B2 231 8 0
B1 284 8 0
A1 337 8 1
B1 390 8 0
B2 443 8 0
B1 495 8 0
B2 548 8 0
B1 601 8 0
Measure Number: 189
B3 114 32 0
C4 255 16 1
A3 319 16 0
D4 319 16 1
E4 383 16 0
F4 447 16 1
B2 114 16 0
F3 114 16 1
B1 114 8 0
F2 146 8 1
F3 178 8 1
F2 210 8 1
F3 255 8 1
F2 287 8 1
B1 319 8 0
A2 351 8 0
A3 383 8 0
A2 415 8 0
A3 447 8 0
A2 479 8 0
Measure Number: 190
E4 12 32 0
G4 12 32 1
C5 163 16 1
A3 209 0 1
A3 238 48 1
E4 238 48 0
C5 238 48 1
G3 12 16 1
B1 12 8 0
G2 50 8 1
G3 88 8 1
G2 125 8 1
G3 163 8 1
G2 200 8 1
B1 238 8 0
G2 276 8 0
G3 313 8 0
G2 351 8 0
G3 389 8 0
G2 426 8 0
Measure Number: 191
A3 12 32 1
E4 12 32 0
C5 12 32 1
B3 153 16 0
E4 153 16 0
B4 153 16 0
B3 223 32 0
E4 223 32 0
B4 223 32 0
C4 363 16 1
E4 363 16 0
A4 363 16 1
B1 12 8 0
G2 47 8 0
G3 83 8 0
G2 118 8 0
G3 153 8 0
G2 188 8 0
B1 223 8 0
G2 258 8 0
G3 293 8 0
G2 328 8 0
G3 363 8 0
G2 399 8 0
Measure Number: 192
C4 114 32 1
C5 114 32 1
B3 308 16 0
B4 308 16 0
rest 32
C4 598 16 0
D4 131 48 1
B1 114 8 0
F2 163 8 1
F3 211 8 1
E3 259 8 1
E3 308 8 0
D3 356 8 1
D3 404 8 0
C3 453 8 1
C3 501 8 0
B2 549 8 0
B2 598 8 -1
A2 646 8 0
Measure Number: 193
C4 16 16 0
rest 16
B3 233 16 -1
A4 233 16 0
C4 341 16 0
rest 16
B3 558 16 -1
G4 558 16 0
A2 16 8 -1
G2 70 8 0
F2 124 8 1
F2 179 8 0
E2 233 8 0
E2 287 8 -1
D2 341 8 0
D2 395 8 -1
C2 449 8 0
B1 504 8 -1
D2 558 8 0
C2 612 8 0
Measure Number: 194
C4 114 16 0
rest 16
F4 273 16 0
G4 323 0 0
F4 343 16 0
E4 413 16 0
D4 483 16 0
A3 273 16 0
A3 343 48 0
B1 114 8 0
C2 149 8 0
C3 184 8 0
C2 219 8 0
C3 273 8 0
C2 308 8 0
B1 343 8 0
C2 378 8 0
C3 413 8 0
C2 448 8 0
C3 483 8 0
C2 518 8 0
Measure Number: 195
A3 16 32 -1
C4 153 16 0
E4 153 16 0
A3 222 32 -1
F3 359 16 0
D4 16 32 0
F3 153 16 0
C4 222 32 0
E4 222 32 0
B3 359 16 0
D4 359 16 0
B1 16 8 0
C2 50 8 0
C3 85 8 0
C2 119 8 0
C3 153 8 0
C2 188 8 0
B1 222 8 0
C2 256 8 0
C3 291 8 0
C2 325 8 0
C3 359 8 0
C2 394 8 0
Measure Number: 196
B3 16 32 0
D4 16 32 0
C4 153 16 0
C4 222 48 0
A3 28 48 -1
A3 222 16 -1
G3 290 16 0
B3 290 16 -1
F3 359 16 0
A3 359 16 -1
B1 16 8 0
C2 50 8 0
C3 84 8 0
C2 119 8 0
C3 153 8 0
C2 187 8 0
B1 222 8 0
C2 256 8 0
C3 290 8 0
C2 325 8 0
C3 359 8 0
C2 393 8 0
Measure Number: 197
C4 114 32 0
D4 259 16 0
D4 322 16 -1
E4 334 16 0
F4 385 16 0
G4 448 16 0
C3 114 16 0
G3 114 16 0
C2 114 8 0
G2 145 8 0
G3 177 8 0
G2 208 8 0
G3 259 8 0
G2 290 8 0
C2 322 8 0
B2 353 8 -1
B3 385 8 -1
B2 417 8 -1
B3 448 8 -1
B2 480 8 -1
Measure Number: 198
A4 26 32 0
D5 184 16 0
B3 223 0 0
B3 263 48 0
F4 263 48 0
D5 263 48 0
C4 26 48 0
F4 26 48 1
C2 26 8 0
A2 65 8 0
A3 105 8 0
A2 144 8 0
A3 184 8 0
A2 223 8 0
C2 263 8 0
A2 302 8 -1
A3 341 8 -1
A2 381 8 -1
A3 420 8 -1
A2 460 8 -1
Measure Number: 199
B3 12 32 0
F4 12 32 0
D5 12 32 0
C4 141 16 0
F4 141 16 0
C5 141 16 0
C4 205 32 0
F4 205 32 0
C5 205 32 0
D4 333 16 -1
F4 333 16 0
B4 333 16 0
C2 12 8 0
A2 44 8 -1
A3 77 8 -1
A2 109 8 -1
A3 141 8 -1
A2 173 8 -1
C2 205 8 0
A2 237 8 -1
A3 269 8 -1
A2 301 8 -1
A3 333 8 -1
A2 366 8 -1
Measure Number: 200
F4 120 32 0
B4 120 32 0
E4 263 16 0
C5 263 16 0
rest 32
D4 477 16 0
C4 120 48 0
C2 120 8 0
G2 155 8 0
G3 191 8 0
F3 227 8 1
F3 263 8 0
E3 298 8 0
E3 334 8 -1
D3 370 8 0
D3 406 8 -1
C3 441 8 0
B2 477 8 0
B2 513 8 -1
Measure Number: 201
D4 14 16 0
rest 16
C4 162 16 0
F4 162 16 1
B4 162 16 -1
D4 236 16 0
rest 16
C4 385 16 0
F4 385 16 1
A4 385 16 0
A2 14 8 0
A2 51 8 -1
G2 88 8 0
F2 125 8 1
F2 162 8 0
E2 199 8 0
E2 236 8 -1
D2 273 8 0
C2 311 8 1
D2 348 8 0
E2 385 8 -1
D2 422 8 0
Measure Number: 202
D4 19 16 0
rest 16
B3 146 16 -1
G4 146 16 0
A4 191 0 0
B3 210 16 -1
D4 210 16 0
G4 210 16 0
A3 273 16 0
C4 273 16 0
F4 273 16 0
G3 337 16 0
B3 337 16 -1
E4 337 16 -1
C2 19 8 1
D2 51 8 0
D3 83 8 0
D2 114 8 0
D3 146 8 0
D2 178 8 0
C2 210 8 1
D2 242 8 0
D3 273 8 0
D2 305 8 0
D3 337 8 0
D2 369 8 0
Measure Number: 203
F3 134 32 1
C4 134 32 0
D4 146 32 0
G3 273 16 0
C4 273 16 0
E4 273 16 0
A3 342 16 0
C4 342 16 0
F4 342 16 1
B3 412 16 -1
D4 412 16 0
G4 412 16 0
C4 481 16 0
F4 481 16 1
A4 481 16 0
C2 134 8 1
D2 169 8 0
D3 203 8 0
D2 238 8 0
D3 273 8 0
D2 308 8 0
C2 342 8 1
D2 377 8 0
D3 412 8 0
D2 447 8 0
D3 481 8 0
D2 516 8 0
Measure Number: 204
B3 19 32 -1
G4 19 32 0
B4 19 32 -1
E4 158 16 -1
C5 158 16 0
E5 158 16 -1
D4 228 32 0
B4 228 32 -1
D5 228 32 0
D4 367 16 -1
G4 367 16 0
D5 367 16 -1
C2 19 8 1
D2 54 8 0
D3 89 8 0
D2 123 8 0
D3 158 8 0
D2 193 8 0
C2 228 8 1
D2 263 8 0
D3 298 8 0
D2 332 8 0
E3 367 8 -1
E2 402 8 -1
E3 367 16 -1
Measure Number: 205
D4 16 32 -1
G4 16 32 0
D5 16 32 -1
D4 151 16 -1
G4 151 16 0
C5 151 16 0
D4 218 32 -1
G4 218 32 0
C5 218 32 0
D4 353 16 -1
G4 353 16 0
B4 353 16 -1
E4 32 48 -1
E4 234 48 -1
D2 16 8 0
E2 49 8 -1
E3 83 8 -1
E2 117 8 -1
E3 151 8 -1
E2 184 8 -1
D2 218 8 0
E2 252 8 -1
E3 285 8 -1
E2 319 8 -1
E3 353 8 -1
E2 387 8 -1
E3 16 16 -1
Measure Number: 206
D4 122 32 -1
G4 122 32 0
B4 122 32 -1
C4 261 16 0
A4 261 16 -1
B4 312 0 -1
C4 331 16 0
E4 331 16 -1
A4 331 16 -1
B3 401 24 -1
D4 401 24 -1
G4 401 24 0
A3 506 8 -1
D4 506 8 -1
F4 506 8 0
E4 138 48 -1
D2 122 8 0
E2 157 8 -1
E3 192 8 -1
E2 226 8 -1
E3 261 8 -1
E2 296 8 -1
D2 331 8 0
E2 366 8 -1
E3 401 8 -1
E2 436 8 -1
E3 471 8 -1
E2 506 8 -1
Measure Number: 207
G3 16 32 0
D4 16 32 -1
E4 28 32 -1
A3 157 16 -1
D4 157 16 -1
F4 157 16 0
B3 228 16 -1
D4 228 16 -1
E4 240 16 -1
G4 228 16 0
C4 298 24 0
E4 298 24 -1
A4 298 24 -1
D4 404 8 -1
E4 416 8 -1
G4 404 8 0
B4 404 8 -1
D2 16 8 0
E2 51 8 -1
E3 87 8 -1
E2 122 8 -1
E3 157 8 -1
E2 193 8 -1
D2 228 8 0
E2 263 8 -1
E3 298 8 -1
E2 334 8 -1
E3 369 8 -1
E2 404 8 -1
Measure Number: 208
C4 16 32 0
A4 16 32 -1
C5 16 32 0
F4 153 16 0
D5 153 16 -1
F5 153 16 0
E4 222 32 -1
C5 222 32 0
E5 222 32 -1
D4 359 16 0
C5 359 16 -1
D5 371 16 0
D2 16 8 0
E2 50 8 -1
E3 84 8 -1
E2 119 8 -1
E3 153 8 -1
E2 187 8 -1
D2 222 8 0
E2 256 8 -1
E3 290 8 -1
E2 324 8 -1
E3 359 8 -1
E2 393 8 -1
Measure Number: 209
D4 114 32 0
C5 114 32 -1
D5 125 32 0
E4 252 16 -1
C5 252 16 0
E5 252 16 -1
F4 321 16 -1
D5 321 16 -1
F5 321 16 -1
F4 390 16 0
D5 390 16 0
F5 390 16 0
G4 459 16 -1
E5 459 16 -1
G5 459 16 -1
E1 114 8 -1
A3 148 8 -1
B3 183 8 -1
C4 217 8 -1
B3 252 8 -1
A3 286 8 -1
E3 321 8 -1
A3 355 8 -1
B3 390 8 -1
C4 425 8 -1
B3 459 8 -1
A3 494 8 -1
Measure Number: 210
G4 23 32 0
E5 23 32 0
G5 23 32 0
A4 162 16 -1
F5 162 16 0
A5 162 16 -1
B4 232 16 -2
G5 232 16 -1
B5 232 16 -2
B4 302 24 -1
G5 302 24 0
B5 302 24 -1
C5 407 8 -1
A5 407 8 -1
C6 407 8 -1
E2 23 8 -1
A3 57 8 -1
B3 92 8 -1
C4 127 8 -1
B3 162 8 -1
A3 197 8 -1
E3 232 8 -1
A3 267 8 -1
B3 302 8 -1
C4 337 8 -1
B3 372 8 -1
A3 407 8 -1
Measure Number: 211
C5 18 16 -1
A5 18 16 -1
C6 18 16 -1
F4 88 16 0
D5 88 16 0
F5 88 16 0
G4 158 16 -1
E5 158 16 -1
G5 158 16 -1
G4 228 16 0
E5 228 16 0
G5 228 16 0
A4 298 16 -1
F5 298 16 0
A5 298 16 -1
B4 368 16 -2
G5 368 16 -1
B5 368 16 -2
E2 18 8 -1
E3 18 8 -1
A3 53 8 -1
B3 88 8 -1
C4 123 8 -1
B3 158 8 -1
A3 193 8 -1
E3 228 8 -1
A3 263 8 -1
B3 298 8 -1
C4 333 8 -1
B3 368 8 -1
A3 403 8 -1
Measure Number: 212
B4 133 16 -1
G5 133 16 0
B5 133 16 -1
C5 205 16 -1
A5 205 16 -1
C6 205 16 -1
C5 276 16 0
A5 276 16 0
C6 276 16 0
C5 348 16 1
A5 348 16 0
C6 348 16 1
D5 420 16 0
A5 420 16 0
D6 420 16 0
F5 491 16 0
A5 491 16 0
F6 491 16 0
E2 133 8 -1
E3 133 8 -1
A3 169 8 -1
B3 205 8 -1
C4 240 8 -1
B3 276 8 -1
A3 312 8 -1
E3 348 8 -1
D4 348 8 0
A3 384 8 -1
B3 420 8 -1
C4 456 8 -1
B3 491 8 -1
A3 527 8 -1
Measure Number: 213
E5 12 16 -1
E6 12 16 -1
G5 100 16 0
B5 100 16 -1
D6 100 16 -1
F5 166 16 0
F6 166 16 0
G5 232 16 0
D6 220 16 -1
E6 232 16 -1
G6 232 16 0
A5 298 16 -1
A6 298 16 -1
B5 364 16 -1
B6 364 16 -1
E6 12 32 -1
rest 64
E2 12 16 -1
E3 12 16 -1
G3 100 16 0
B3 100 16 -1
D4 100 16 -1
E4 112 16 -1
B3 166 16 -1
D4 166 16 -1
E4 178 16 -1
G4 166 16 0
D4 232 16 -1
E4 244 16 -1
G4 232 16 0
B4 232 16 -1
B3 298 16 -1
D4 298 16 -1
E4 310 16 -1
G4 298 16 0
G3 364 16 0
B3 364 16 -1
D4 364 16 -1
E4 376 16 -1
Measure Number: 214
C6 12 16 0
C7 12 16 0
E6 88 16 -1
A6 88 16 -1
F6 152 16 0
F7 152 16 0
E6 215 16 -1
E7 215 16 -1
A6 278 16 -1
C7 278 16 0
D6 341 16 0
D7 341 16 0
C7 12 32 0
E7 215 32 -1
A1 12 16 -1
A2 12 16 -1
A3 88 16 -1
E4 88 16 -1
C4 152 16 0
A4 152 16 -1
E4 215 16 -1
C5 215 16 0
A4 278 16 -1
E5 278 16 -1
C5 341 16 0
A5 341 16 -1
Measure Number: 215
D6 124 16 -1
D7 124 16 -1
C6 181 16 0
C7 181 16 0
B5 237 16 -1
B6 237 16 -1
C7 275 0 0
B5 294 16 -1
G6 294 16 0
B6 294 16 -1
A5 350 16 0
F6 350 16 1
A6 350 16 0
B5 407 16 -1
G6 407 16 0
B6 407 16 -1
G6 128 48 0
E2 124 16 -1
E3 124 16 -1
E3 181 16 -1
D4 181 16 -1
G3 237 16 0
E4 237 16 -1
D4 294 16 -1
G4 294 16 0
G3 350 16 0
E4 350 16 -1
E3 407 16 -1
D4 407 16 -1
Measure Number: 216
C6 18 16 0
A6 18 16 -1
C7 18 16 0
A5 66 16 -1
A6 66 16 -1
F5 114 16 0
F6 114 16 0
E5 162 16 -1
E6 162 16 -1
C5 210 16 0
C6 210 16 0
rest 8
F4 288 8 0
F5 288 8 0
A2 18 16 -1
A3 18 16 -1
E3 66 16 -1
C4 66 16 0
A3 114 16 -1
E4 114 16 -1
E3 162 16 -1
C4 162 16 0
A3 210 16 -1
E4 210 16 -1
rest 8
C3 288 8 0
C4 288 8 0
Measure Number: 217
E4 12 16 -1
E5 12 16 -1
G4 62 16 0
D5 62 16 -1
F4 113 16 0
D5 113 16 -1
F5 113 16 0
G4 163 16 0
D5 151 16 -1
E5 163 16 -1
G5 163 16 0
A4 213 16 -1
D5 201 16 -1
E5 213 16 -1
A5 213 16 -1
B4 263 16 -1
D5 251 16 -1
E5 263 16 -1
B5 263 16 -1
E5 12 32 -1
rest 64
C3 12 16 0
C4 12 16 0
B2 62 16 -1
B3 62 16 -1
A2 113 16 -1
A3 113 16 -1
G2 163 16 0
G3 163 16 0
F2 213 16 0
F3 213 16 0
E2 263 16 -1
E3 263 16 -1
Measure Number: 218
C5 12 16 0
C6 12 16 0
E5 62 16 -1
A5 62 16 -1
F5 112 16 0
F6 112 16 0
E5 162 16 -1
E6 162 16 -1
A5 211 16 -1
C6 211 16 0
D5 261 16 0
D6 261 16 0
C6 12 32 0
E6 162 32 -1
A1 12 16 -1
A2 12 16 -1
E3 62 16 -1
C4 62 16 0
A3 112 16 -1
E4 112 16 -1
C4 162 32 0
A4 162 32 -1
rest 16
Measure Number: 219
D5 124 16 -1
D6 124 16 -1
C5 177 16 0
C6 177 16 0
B4 230 16 -1
B5 230 16 -1
C6 264 0 0
B4 283 16 -1
G5 283 16 0
B5 283 16 -1
A4 336 16 0
F5 336 16 1
A5 336 16 0
B4 389 16 -1
G5 389 16 0
B5 389 16 -1
G5 128 48 0
E2 124 16 -1
E3 124 16 -1
E3 177 16 -1
E4 177 16 -1
G3 230 16 0
E4 230 16 0
D4 283 16 -1
F4 283 16 0
G3 336 16 0
E4 336 16 -1
E3 389 16 -1
D4 389 16 -1
Measure Number: 220
B4 16 16 0
G5 16 16 0
B5 16 16 0
C5 62 16 0
A5 62 16 -1
C6 62 16 0
F5 109 16 0
F6 109 16 0
E5 155 16 -1
E6 155 16 -1
A5 202 16 -1
C6 202 16 0
D5 248 16 0
D6 248 16 0
E6 155 32 -1
A2 16 16 -1
A3 16 16 -1
E3 62 16 -1
C4 62 16 0
A3 109 16 -1
E4 109 16 -1
C4 155 32 0
A4 155 32 -1
rest 16
Measure Number: 221
D5 18 16 -1
D6 18 16 -1
C5 71 16 0
C6 71 16 0
B4 124 16 -1
B5 124 16 -1
C6 158 0 0
B4 177 16 -1
G5 177 16 0
B5 177 16 -1
A4 230 16 0
F5 230 16 1
A5 230 16 0
B4 283 16 -1
G5 283 16 0
B5 283 16 -1
G5 22 48 0
E2 18 16 -1
E3 18 16 -1
E3 71 16 -1
E4 71 16 -1
G3 124 16 0
E4 124 16 0
D4 177 16 -1
F4 177 16 0
G3 230 16 0
E4 230 16 -1
E3 283 16 -1
D4 283 16 -1
Measure Number: 222
B4 16 16 -1
G5 16 16 0
B5 16 16 -1
C5 66 16 -1
A5 66 16 -1
C6 66 16 -1
rest 8
A5 149 8 -1
C6 149 8 -1
A6 149 8 -1
A5 180 16 -1
C6 180 16 -1
A6 180 16 -1
A5 231 16 -1
C6 231 16 -1
A6 231 16 -1
A5 282 16 -1
C6 282 16 -1
A6 282 16 -1
D2 16 16 0
D3 16 16 0
D3 66 16 0
C4 66 16 -1
A3 117 16 -1
F4 117 16 0
C4 180 16 -1
A4 180 16 -1
A3 231 16 -1
F4 231 16 0
D3 282 16 0
C4 282 16 -1
Measure Number: 223
A5 124 16 -1
C6 124 16 -1
A6 124 16 -1
G5 184 16 0
B5 184 16 -1
G6 184 16 0
rest 8
B4 280 8 -1
G5 280 8 0
B5 280 8 -1
A4 322 16 0
F5 322 16 1
A5 322 16 0
B4 381 16 -1
G5 381 16 0
B5 381 16 -1
rest 8
G5 478 8 0
B5 478 8 -1
G6 478 8 0
D2 124 16 -1
D3 124 16 -1
D3 184 16 -1
B3 184 16 -1
G3 243 16 0
E4 243 16 0
D3 322 16 -1
B3 322 16 -1
G3 381 16 0
E4 381 16 0
rest 16
Measure Number: 224
G5 12 16 0
B5 12 16 -1
G6 12 16 0
F5 77 16 1
A5 77 16 0
F6 77 16 1
rest 8
A4 183 8 0
F5 183 8 1
A5 183 8 0
G4 225 16 1
E5 225 16 1
G5 225 16 1
A4 290 16 0
F5 290 16 1
A5 290 16 0
rest 8
F5 395 8 1
A5 395 8 0
F6 395 8 1
C2 12 16 0
C3 12 16 0
C3 77 16 0
A3 77 16 0
F3 142 16 1
E4 142 16 -1
C3 225 16 0
A3 225 16 0
F3 290 16 1
E4 290 16 -1
rest 16
Measure Number: 225
F5 28 16 1
A5 28 16 0
F6 28 16 1
rest 8
A4 139 8 0
B4 151 8 0
D5 151 8 1
A5 151 8 0
A4 181 16 0
B4 192 16 0
D5 192 16 1
A5 192 16 0
A4 247 16 0
B4 259 16 0
D5 259 16 1
A5 259 16 0
A4 313 16 0
B4 325 16 0
D5 325 16 1
B5 325 16 0
A4 379 16 0
B4 391 16 0
D5 391 16 1
F5 391 16 1
B1 28 16 0
B2 28 16 0
rest 8
F3 151 8 1
B3 151 8 0
F4 151 8 1
F3 192 16 1
B3 192 16 0
F4 192 16 1
F3 259 16 1
B3 259 16 0
F4 259 16 1
F3 325 16 1
B3 325 16 0
F4 325 16 1
F3 391 16 1
B3 391 16 0
F4 391 16 1
Measure Number: 226
A4 138 16 0
B4 150 16 0
D5 150 16 1
F5 150 16 1
G4 202 16 1
E5 202 16 0
G5 202 16 1
G4 254 16 1
D5 254 16 1
G5 254 16 1
G4 306 16 1
D5 306 16 0
G5 306 16 1
A4 357 16 1
D5 357 16 0
A5 357 16 1
B4 409 16 0
D5 409 16 0
B5 409 16 0
E2 150 16 0
E3 202 16 0
B3 202 16 0
E4 202 16 0
E3 254 16 0
B3 254 16 0
E4 254 16 0
E3 306 16 0
B3 306 16 0
E4 306 16 0
E3 357 16 0
A3 357 16 1
E4 357 16 0
E3 409 16 0
G3 409 16 1
E4 409 16 0
Measure Number: 227
C5 29 16 0
E5 29 16 -1
A5 29 16 -1
C6 29 16 0
E4 76 16 -1
A4 76 16 -1
C5 76 16 0
E5 76 16 -1
E4 123 16 -1
A4 123 16 -1
C5 123 16 0
E5 123 16 -1
E4 170 16 -1
A4 170 16 -1
C5 170 16 0
E5 170 16 -1
E4 217 16 0
A4 217 16 -1
C5 217 16 0
E5 217 16 0
E4 264 16 0
A4 264 16 -1
C5 264 16 0
E5 264 16 0
E2 29 16 -1
E3 29 16 -1
E3 76 16 -1
C4 76 16 0
E3 123 16 -1
C4 123 16 0
E3 170 16 -1
C4 170 16 0
E3 217 16 -1
C4 217 16 0
E3 264 16 -1
C4 264 16 0
Measure Number: 228
E4 16 16 0
A4 16 16 -1
C5 16 16 0
E5 16 16 0
F4 63 16 0
A4 63 16 0
C5 63 16 0
F5 63 16 0
F4 110 16 0
A4 110 16 0
C5 110 16 0
F5 110 16 0
F4 157 16 0
A4 157 16 0
C5 157 16 0
F5 157 16 0
F4 204 16 1
A4 204 16 0
C5 204 16 0
F5 204 16 1
F4 251 16 1
A4 251 16 0
C5 251 16 0
F5 251 16 1
E3 16 16 -1
C4 16 16 0
E3 63 16 -1
C4 63 16 0
E4 63 16 -1
E3 110 16 -1
C4 110 16 0
E4 110 16 -1
E3 157 16 -1
C4 157 16 0
E4 157 16 -1
E3 204 16 -1
C4 204 16 0
E4 204 16 -1
E3 251 16 -1
C4 251 16 0
E4 251 16 -1
Measure Number: 229
F4 29 16 1
C5 29 16 0
E5 17 16 -1
F5 29 16 1
G4 80 16 0
D5 68 16 -1
E5 80 16 -1
G5 80 16 0
G4 131 16 0
D5 119 16 -1
E5 131 16 -1
G5 131 16 0
G4 183 16 0
D5 171 16 -1
E5 183 16 -1
G5 183 16 0
A4 234 16 -1
D5 234 16 -1
A5 234 16 -1
A4 285 16 -1
D5 285 16 -1
A5 285 16 -1
E1 29 16 -1
E2 29 16 -1
E3 80 16 -1
B3 80 16 -1
D4 68 16 -1
E4 80 16 -1
E3 131 16 -1
B3 131 16 -1
D4 119 16 -1
E4 131 16 -1
E3 183 16 -1
B3 183 16 -1
D4 171 16 -1
E4 183 16 -1
B3 234 16 -1
D4 234 16 -1
F4 234 16 0
B3 285 16 -1
D4 285 16 -1
F4 285 16 0
Measure Number: 230
A4 114 16 -1
D5 114 16 -1
A5 114 16 -1
D5 178 16 -1
F5 178 16 0
C6 178 16 0
D5 243 16 -1
F5 243 16 0
C6 243 16 0
D5 307 16 -1
F5 307 16 0
C6 307 16 0
D5 360 16 -1
E5 372 16 -1
B5 372 16 -1
D5 424 16 -1
E5 436 16 -1
B5 436 16 -1
B3 114 16 -1
D4 114 16 -1
F4 114 16 0
B3 178 16 -1
D4 178 16 -1
F4 178 16 0
A4 178 16 -1
B3 243 16 -1
D4 243 16 -1
F4 243 16 0
A4 243 16 -1
B3 307 16 -1
D4 307 16 -1
F4 307 16 0
A4 307 16 -1
B3 372 16 -1
E4 372 16 -1
G4 372 16 0
B3 436 16 -1
E4 436 16 -1
G4 436 16 0
Measure Number: 231
C4 12 0 0
E4 23 0 -1
A4 34 0 -1
C5 45 0 0
C6 57 48 0
C6 221 8 0
B5 265 8 -1
A5 308 8 -1
G5 351 8 0
A5 395 8 -1
F5 438 8 -1
A2 57 32 -1
E3 152 16 -1
A3 152 16 -1
E4 152 16 -1
F3 221 48 -1
A3 221 48 -1
F4 221 48 -1
Measure Number: 232
D5 14 8 0
F5 56 8 0
E5 98 8 -1
C5 140 8 0
A4 182 8 -1
F4 224 8 0
E4 266 32 -1
D4 359 16 -1
G4 359 16 0
A2 14 16 -1
rest 16
E3 182 16 -1
C4 266 32 0
B3 359 16 -1
E3 266 48 -1
Measure Number: 233
C4 113 0 0
E4 124 0 -1
A4 135 0 -1
C5 146 0 0
C6 158 48 0
C6 310 8 0
B5 342 8 -1
A5 374 8 -1
G5 405 8 0
A5 437 8 -1
F5 469 8 -1
A1 158 16 -1
A2 158 16 -1
rest 16
E3 259 16 -1
C4 259 16 0
A4 259 16 -1
F3 310 48 -1
C4 310 48 0
A4 310 48 -1
Measure Number: 234
D5 14 8 0
F5 44 8 0
E5 74 8 -1
C5 104 8 0
A4 134 8 -1
F4 165 8 0
E4 195 32 -1
D4 261 16 -1
G4 261 16 0
A2 14 16 -1
rest 16
E3 134 16 -1
C4 195 32 0
B3 261 16 -1
E3 195 48 -1
Measure Number: 235
C4 12 8 0
E4 42 8 -1
A4 72 8 -1
C5 102 8 0
C6 131 16 0
D5 157 0 0
E5 168 0 -1
E5 180 48 -1
A1 12 16 -1
rest 16
E3 131 16 -1
C4 180 32 0
A4 180 32 -1
rest 16
Measure Number: 236
C5 10 8 0
E5 39 8 -1
A5 69 8 -1
C6 98 8 0
C7 140 16 0
D6 168 0 0
E6 179 0 -1
E6 190 48 -1
A2 10 16 -1
rest 16
E4 140 16 -1
C5 190 32 0
A5 190 32 -1
rest 16
Measure Number: 237
C6 120 16 0
F7 168 8 0
E7 198 8 -1
C7 229 8 0
A6 259 8 -1
F6 289 8 0
E6 319 8 -1
C6 349 8 0
A5 380 8 -1
F5 410 8 0
E5 440 8 -1
A3 120 32 -1
E4 120 32 -1
C5 120 32 0
rest 16
rest 32
rest 16
Measure Number: 238
C5 10 8 0
A4 36 8 -1
F4 62 8 0
E4 88 8 -1
C4 114 8 0
A3 140 8 -1
F3 177 8 0
E3 203 8 -1
C3 229 8 0
A2 255 8 -1
F2 281 8 0
E2 308 8 -1
Measure Number: 239
A1 12 32 -1
rest 16
C4 130 48 0
E4 130 48 0
B4 130 48 -1
C5 142 48 0
rest 32
rest 16
C2 130 48 0
C3 130 48 0
Measure Number: 240
C4 12 48 0
F4 12 48 0
A4 12 48 -1
C5 12 48 0
D4 108 48 -1
E4 120 48 -1
G4 108 48 0
D5 108 48 -1
E5 120 48 -1
F2 12 48 0
F3 12 48 0
E2 108 48 -1
E3 108 48 -1
Measure Number: 241
A4 12 96 -1
C5 12 96 0
A5 12 96 -1
A1 12 96 -1
A2 12 96 -1
