Measure Number: 1
G4 128 240 0
G5 128 240 0
G4 169 240 0
G5 169 240 0
G4 211 240 0
G5 211 240 0
G4 253 240 0
G5 253 240 0
G4 305 240 0
G5 305 240 0
G4 357 240 0
G5 357 240 0
G4 253 120 0
C5 279 120 0
G4 305 120 0
C5 331 120 0
G4 357 120 0
C5 383 120 0
rest 480
rest 240
E4 253 240 0
E4 305 240 0
D4 357 240 0
Measure Number: 2
G4 17 240 0
G5 17 240 0
G4 88 240 0
G5 88 240 0
G4 159 240 0
G5 159 240 0
G4 229 240 0
G5 229 240 0
F4 300 240 0
F5 300 240 0
E4 371 240 0
E5 371 240 0
G4 17 120 0
B4 41 120 -1
C5 53 120 0
G4 88 120 0
B4 112 120 -1
C5 123 120 0
G4 159 120 0
B4 182 120 -1
C5 194 120 0
G4 229 120 0
A4 265 120 0
C5 265 120 0
F4 300 120 0
A4 336 120 0
C5 336 120 0
E4 371 120 0
A4 406 120 0
C5 406 120 0
D4 17 240 0
C4 88 240 0
rest 240
F2 229 120 0
C4 265 120 0
A3 300 120 0
C4 336 120 0
D3 371 120 0
C4 406 120 0
Measure Number: 3
E4 14 240 0
E5 14 240 0
D4 82 240 0
D5 82 240 0
C4 150 240 0
C5 150 240 0
E5 218 720 0
E4 14 120 0
G4 48 120 0
B4 48 120 0
D4 82 120 0
G4 116 120 0
B4 116 120 0
C4 150 120 0
G4 184 120 0
E4 218 120 0
G4 252 120 0
C5 252 120 0
E4 286 120 0
F4 320 120 0
C5 320 120 0
E4 355 120 0
G4 389 120 0
C5 389 120 0
G2 14 120 0
G3 48 120 0
F3 82 120 0
B3 82 120 0
G3 116 120 0
E3 150 120 0
G3 184 120 0
C3 218 120 0
G3 252 120 0
C4 286 120 0
A3 320 120 0
G3 355 120 0
rest 120
Measure Number: 4
E4 131 240 0
G5 131 240 0
G4 200 240 0
G5 200 240 0
G4 269 240 0
G5 269 240 0
G4 337 240 0
G5 337 240 0
F4 406 240 0
F5 406 240 0
E4 475 240 0
E5 475 240 0
E4 131 120 0
C5 165 120 0
G4 200 120 0
B4 222 120 -1
C5 234 120 0
G4 269 120 0
B4 291 120 -1
C5 303 120 0
G4 337 120 0
A4 372 120 0
C5 372 120 0
F4 406 120 0
A4 441 120 0
C5 441 120 0
E4 475 120 0
A4 510 120 0
C5 510 120 0
C2 131 120 0
G3 165 120 0
C4 200 120 0
D4 234 120 0
E4 269 240 0
F2 337 120 0
C4 372 120 0
A3 406 120 0
C4 441 120 0
D3 475 120 0
C4 510 120 0
Measure Number: 5
E4 14 240 0
E5 14 240 0
D4 78 240 0
D5 78 240 0
C4 143 240 0
C5 143 240 0
E5 207 720 0
E4 14 120 0
G4 46 120 0
B4 46 120 0
D4 78 120 0
G4 110 120 0
B4 110 120 0
C4 143 120 0
G4 175 120 0
E4 207 120 0
G4 239 120 0
C5 239 120 0
E4 272 120 0
F4 304 120 0
C5 304 120 0
E4 336 120 0
G4 369 120 0
C5 369 120 0
G2 14 120 0
G3 46 120 0
F3 78 120 0
B3 78 120 0
G3 110 120 0
E3 143 120 0
G3 175 120 0
C3 207 120 0
G3 239 120 0
C4 272 120 0
A3 304 120 0
G3 336 120 0
rest 120
Measure Number: 6
E4 14 240 0
E5 14 240 0
D4 78 240 0
D5 78 240 0
C4 143 240 0
C5 143 240 0
E5 207 720 0
E4 14 120 0
G4 46 120 0
B4 46 120 0
D4 78 120 0
G4 110 120 0
B4 110 120 0
C4 143 120 0
G4 175 120 0
E4 207 120 0
G4 239 120 0
C5 239 120 0
E4 272 120 0
F4 304 120 0
C5 304 120 0
E4 336 120 0
G4 369 120 0
C5 369 120 0
G2 14 120 0
G3 46 120 0
F3 78 120 0
B3 78 120 0
G3 110 120 0
E3 143 120 0
G3 175 120 0
C3 207 120 0
G3 239 120 0
C4 272 120 0
A3 304 120 0
G3 336 120 0
rest 120
Measure Number: 7
E5 116 720 0
E5 306 480 0
C5 375 240 0
E4 116 120 0
F4 145 120 0
C5 145 120 0
E4 167 120 0
G4 189 120 0
C5 189 120 0
E4 254 120 0
F4 276 120 0
C5 276 120 0
E4 306 480 0
C5 306 480 0
C3 189 360 0
C3 306 480 0
G3 306 480 0
rest 240
C4 116 120 0
A3 145 120 0
G3 167 120 0
C3 213 120 0
C4 254 120 0
A3 276 120 0
Measure Number: 8
C5 12 240 0
D5 52 240 -1
B4 91 240 0
B4 130 240 0
C5 191 240 0
F5 230 240 0
rest 480
rest 240
F2 130 240 0
C4 191 240 0
F4 191 240 0
A4 191 240 -1
A3 230 240 -1
C4 230 240 0
F4 230 240 0
Measure Number: 9
E5 14 240 0
B4 78 240 -1
D5 124 480 -1
C5 230 240 0
F5 276 240 0
F3 14 240 0
D4 78 240 -1
E4 90 240 0
G4 78 240 0
B3 124 240 -1
D4 124 240 -1
E4 136 240 0
F2 170 240 0
C4 230 240 0
F4 230 240 0
A4 230 240 -1
A3 276 240 -1
C4 276 240 0
F4 276 240 0
Measure Number: 10
E5 14 240 0
B4 75 240 -1
D5 118 240 -1
rest 240
C5 221 120 0
D5 247 120 -1
C5 274 120 0
D5 301 120 -1
F3 14 240 0
D4 75 240 -1
E4 87 240 0
G4 75 240 0
B3 118 240 -1
D4 118 240 -1
E4 129 240 0
F2 160 240 0
C4 221 240 0
F4 221 240 0
A4 221 240 -1
A3 274 240 -1
C4 274 240 0
F4 274 240 0
Measure Number: 11
E5 118 240 -1
E5 155 240 -1
E5 192 240 -1
E5 228 240 -1
D5 265 120 -1
C5 288 120 0
B4 311 120 -1
C5 334 120 0
E3 118 240 -1
C4 155 240 0
A4 155 240 -1
E3 192 240 -1
E2 228 240 -1
D4 253 240 -1
E4 265 240 -1
G4 265 240 0
G3 311 240 0
D4 299 240 -1
E4 311 240 -1
Measure Number: 12
A4 12 240 -1
rest 240
rest 960
A2 12 240 -1
A3 50 240 -1
C4 50 240 0
E4 50 240 -1
E3 88 240 -1
A3 88 240 -1
C4 88 240 0
A3 127 240 -1
C4 127 240 0
F4 127 240 0
A3 165 240 -1
C4 165 240 0
E4 165 240 -1
E3 204 240 -1
A3 204 240 -1
C4 204 240 0
Measure Number: 13
rest 240
E5 79 240 -1
A5 132 240 -1
G5 195 240 0
D5 270 240 -1
F5 323 240 -1
A1 15 240 -1
E4 79 240 -1
A4 79 240 -1
C5 79 240 0
C4 132 240 0
E4 132 240 -1
A4 132 240 -1
A3 195 240 -1
F4 270 240 -1
G4 281 240 0
B4 270 240 -1
D4 323 240 -1
F4 323 240 -1
G4 335 240 0
Measure Number: 14
F5 12 240 -1
E5 72 240 -1
A5 123 240 -1
G5 184 240 0
D5 256 240 -1
F5 307 240 -1
A2 12 240 -1
E4 72 240 -1
A4 72 240 -1
C5 72 240 0
C4 123 240 0
E4 123 240 -1
A4 123 240 -1
A3 184 240 -1
F4 256 240 -1
G4 268 240 0
B4 256 240 -1
B3 307 240 -1
D4 307 240 -1
G4 307 240 0
Measure Number: 15
rest 240
E5 164 120 -1
F5 192 120 0
E5 221 120 -1
F5 249 120 0
G5 287 240 -1
G5 355 240 -1
G5 400 240 -1
A2 107 240 -1
E4 164 240 -1
A4 164 240 -1
C5 164 240 0
C4 221 240 0
E4 221 240 -1
A4 221 240 -1
E2 287 240 -1
E4 355 240 -1
G4 355 240 -1
B4 355 240 -1
B3 400 240 -1
E4 400 240 -1
G4 400 240 -1
Measure Number: 16
G5 16 240 -1
F5 81 120 0
C5 103 120 0
E5 126 120 -1
D5 152 120 -1
B4 184 240 -1
rest 240
rest 240
F2 16 240 0
E4 81 240 -1
A4 81 240 0
A3 126 240 0
E4 126 240 -1
F4 138 240 0
B2 184 240 -1
B3 220 240 -1
D4 220 240 -1
F4 220 240 0
F3 255 240 0
B3 255 240 -1
D4 255 240 -1
Measure Number: 17
rest 240
D5 59 120 -1
E5 82 120 -1
D5 105 120 -1
E5 127 120 -1
F5 150 240 0
F5 186 240 0
F5 223 240 0
G2 16 240 -1
B3 59 240 -1
D4 59 240 -1
G4 59 240 -1
G3 105 240 -1
B3 105 240 -1
D4 105 240 -1
D2 150 240 -1
A3 186 240 -1
D4 186 240 -1
F4 186 240 0
F3 223 240 0
A3 223 240 -1
D4 223 240 -1
Measure Number: 18
F5 15 240 0
E5 62 120 -1
B4 91 120 -1
D5 120 120 -1
C5 150 120 0
A4 179 240 0
C5 244 240 0
F5 291 240 0
E2 15 240 -1
B3 50 240 -1
C4 62 240 0
G4 62 240 -1
G3 120 240 -1
B3 120 240 -1
E4 120 240 -1
F2 179 240 0
C4 244 240 0
F4 244 240 0
A4 244 240 0
A3 291 240 0
C4 291 240 0
F4 291 240 0
Measure Number: 19
E5 116 240 0
B4 181 240 -1
D5 227 480 -1
C5 339 240 0
F5 386 240 0
F3 116 240 0
D4 181 240 -1
E4 193 240 0
G4 181 240 0
B3 227 240 -1
D4 227 240 -1
E4 239 240 0
F2 274 240 0
C4 339 240 0
F4 339 240 0
A4 339 240 0
A3 386 240 0
C4 386 240 0
F4 386 240 0
Measure Number: 20
E5 14 240 0
B4 74 240 -1
D5 115 240 -1
rest 240
C5 236 120 0
D5 262 120 -1
C5 287 120 0
D5 313 120 -1
F3 14 240 0
D4 74 240 -1
E4 86 240 0
G4 74 240 0
B3 115 240 -1
D4 115 240 -1
E4 127 240 0
F2 157 240 0
C4 236 240 0
E4 236 240 -1
G4 236 240 -1
G3 287 240 -1
B3 287 240 -1
E4 287 240 -1
Measure Number: 21
E5 16 240 -1
E5 76 240 -1
E5 115 240 -1
E5 154 240 -1
F5 220 120 0
C5 244 120 0
E5 268 120 -1
D5 294 120 -1
F3 16 240 0
E4 76 240 -1
G4 76 240 -1
B4 76 240 -1
C4 115 240 0
E4 115 240 -1
G4 115 240 -1
F2 154 240 0
E4 220 240 -1
A4 220 240 0
A3 268 240 0
E4 268 240 -1
F4 280 240 0
Measure Number: 22
B4 12 720 -1
G4 118 480 0
rest 240
B2 12 240 -1
B3 47 240 -1
D4 47 240 -1
F4 47 240 0
F3 82 240 0
B3 82 240 -1
D4 82 240 -1
C3 118 240 0
B3 156 240 -1
C4 167 240 0
E4 167 240 0
G3 203 240 0
B3 191 240 -1
C4 203 240 0
Measure Number: 23
rest 240
C5 159 240 0
F5 210 240 0
E5 262 240 0
B4 313 240 -1
D5 365 240 -1
F2 107 240 0
C4 159 240 0
F4 159 240 0
A4 159 240 -1
A3 210 240 -1
C4 210 240 0
F4 210 240 0
F3 262 240 0
D4 301 240 -1
E4 313 240 0
G4 313 240 0
B3 365 240 -1
D4 353 240 -1
E4 365 240 0
Measure Number: 24
D5 12 240 -1
C5 61 240 0
F5 110 240 0
F5 159 120 0
E5 190 120 0
B4 221 120 -1
C5 251 120 0
E5 282 120 -1
D5 313 120 -1
F2 12 240 0
C4 61 240 0
F4 61 240 0
A4 61 240 -1
A3 110 240 -1
C4 110 240 0
F4 110 240 0
F3 159 240 0
D4 209 240 -1
E4 221 240 0
G4 221 240 0
B3 282 240 -1
D4 270 240 -1
E4 282 240 0
Measure Number: 25
rest 240
C5 52 120 0
D5 77 120 -1
C5 102 120 0
D5 128 120 -1
E5 153 240 -1
E5 193 240 -1
E5 234 240 -1
F3 12 240 0
A3 52 240 -1
C4 52 240 0
A4 52 240 -1
F3 102 240 -1
E3 153 240 -1
C4 193 240 0
A4 193 240 -1
E3 234 240 -1
Measure Number: 26
E5 15 240 -1
D5 61 120 -1
C5 89 120 0
B4 117 120 -1
C5 145 120 0
A4 174 240 -1
rest 240
rest 240
E2 15 240 -1
D4 61 240 -1
G4 61 240 0
E3 117 240 -1
G3 117 240 0
D4 117 240 -1
A2 174 240 -1
A3 219 240 -1
C4 219 240 0
E4 219 240 -1
E3 264 240 -1
A3 264 240 -1
C4 264 240 0
Measure Number: 27
rest 480
rest 240
rest 240
E5 359 240 -1
A5 419 240 -1
A2 108 240 -1
A3 168 240 -1
C4 168 240 0
F4 168 240 -1
F3 228 240 -1
A3 228 240 -1
C4 228 240 0
A1 289 240 -1
E4 359 240 -1
A4 359 240 -1
C5 359 240 0
C4 419 240 0
E4 419 240 -1
A4 419 240 -1
Measure Number: 28
G5 12 240 0
D5 92 240 -1
F5 152 480 -1
E5 281 240 -1
A5 341 240 -1
A3 12 240 -1
F4 92 240 -1
G4 104 240 0
B4 92 240 -1
D4 152 240 -1
F4 152 240 -1
G4 164 240 0
A2 211 240 -1
E4 281 240 -1
A4 281 240 -1
C5 281 240 0
C4 341 240 0
E4 341 240 -1
A4 341 240 -1
Measure Number: 29
A5 15 120 -1
G5 54 120 0
D5 90 120 -1
E5 126 120 -1
G5 162 120 -1
F5 202 120 -1
rest 240
E5 306 120 -1
F5 342 120 0
E5 378 120 -1
F5 415 120 0
A3 15 240 -1
F4 90 240 -1
G4 102 240 0
B4 90 240 -1
B3 162 240 -1
D4 162 240 -1
G4 162 240 0
A2 238 240 -1
E4 306 240 -1
A4 306 240 -1
C5 306 240 0
C4 378 240 0
E4 378 240 -1
A4 378 240 -1
Measure Number: 30
G5 118 240 -1
G5 201 240 -1
G5 263 240 -1
G5 326 240 -1
F5 406 120 0
C5 445 120 0
E5 484 120 -1
D5 523 120 -1
E2 118 240 -1
E4 201 240 -1
G4 201 240 -1
B4 201 240 -1
B3 263 240 -1
E4 263 240 -1
G4 263 240 -1
F2 326 240 0
E4 406 240 -1
A4 406 240 0
A3 484 240 0
E4 484 240 -1
F4 496 240 0
Measure Number: 31
B4 12 240 -1
rest 240
rest 240
rest 240
D5 247 120 -1
E5 284 120 -1
D5 321 120 -1
E5 358 120 -1
B2 12 240 -1
B3 70 240 -1
D4 70 240 -1
F4 70 240 0
F3 129 240 0
B3 129 240 -1
D4 129 240 -1
G2 188 240 -1
B3 247 240 -1
D4 247 240 -1
G4 247 240 -1
G3 321 240 -1
B3 321 240 -1
D4 321 240 -1
Measure Number: 32
F5 15 240 0
F5 72 240 0
F5 129 240 0
F5 186 240 0
E5 242 120 -1
B4 278 120 -1
D5 313 120 -1
C5 349 120 0
D2 15 240 -1
A3 72 240 -1
D4 72 240 -1
F4 72 240 0
F3 129 240 0
A3 129 240 -1
D4 129 240 -1
E2 186 240 -1
B3 231 240 -1
C4 242 240 0
G4 242 240 -1
G3 313 240 -1
B3 313 240 -1
E4 313 240 -1
Measure Number: 33
A4 116 240 0
C5 193 240 0
F5 251 240 0
E5 319 240 0
B4 396 240 -1
D5 454 240 -1
F2 116 240 0
C4 193 240 0
F4 193 240 0
A4 193 240 0
A3 251 240 0
C4 251 240 0
F4 251 240 0
F3 319 240 0
D4 396 240 -1
E4 408 240 0
G4 396 240 0
B3 454 240 -1
D4 454 240 -1
E4 466 240 0
Measure Number: 34
D5 12 240 -1
C5 86 240 0
F5 143 240 0
F5 209 120 0
E5 247 120 0
B4 282 120 -1
C5 317 120 0
E5 352 120 -1
D5 388 120 -1
F2 12 240 0
C4 86 240 0
F4 86 240 0
A4 86 240 0
A3 143 240 0
C4 143 240 0
F4 143 240 0
F3 209 240 0
D4 282 240 -1
E4 294 240 0
G4 282 240 0
B3 352 240 -1
D4 352 240 -1
E4 364 240 0
Measure Number: 35
rest 240
C5 95 120 0
D5 127 120 -1
C5 159 120 0
D5 191 120 -1
E5 232 240 -1
E5 293 240 -1
E5 345 240 -1
F2 12 240 0
C4 95 240 0
E4 95 240 -1
G4 95 240 -1
G3 159 240 -1
B3 159 240 -1
E4 159 240 -1
F3 232 240 0
E4 293 240 -1
G4 293 240 -1
B4 293 240 -1
C4 345 240 0
E4 345 240 -1
G4 345 240 -1
Measure Number: 36
E5 107 240 -1
F5 172 120 0
C5 198 120 0
E5 223 120 -1
D5 249 120 -1
B4 285 480 -1
rest 240
F4 326 240 0
D4 367 240 -1
F2 107 240 0
E4 172 240 -1
A4 172 240 0
A3 223 240 0
E4 223 240 -1
F4 235 240 0
B2 285 240 -1
B3 326 240 -1
D4 326 240 -1
F3 367 240 0
B3 367 240 -1
Measure Number: 37
rest 1440
G4 16 240 -1
F4 53 240 0
D4 91 240 -1
B3 129 240 -1
rest 480
B3 16 240 -1
D4 16 240 -1
B3 53 240 -1
D4 53 240 -1
F3 91 240 0
B3 91 240 -1
D3 129 240 -1
F3 129 240 0
B1 166 240 -1
B2 166 240 -1
A1 204 240 -1
A2 204 240 -1
Measure Number: 38
rest 480
rest 240
G4 132 480 -1
B4 132 480 -1
G5 132 480 -1
G4 208 240 -1
B4 208 240 -1
G5 208 240 -1
G1 20 240 -1
G2 20 240 -1
D2 57 240 -1
D3 57 240 -1
G2 95 240 -1
G3 95 240 -1
B2 132 240 -1
B3 132 240 -1
E3 170 240 -1
E4 170 240 -1
B2 208 240 -1
B3 208 240 -1
Measure Number: 39
G4 16 1440 -1
B4 16 1440 -1
G5 16 1440 -1
D3 16 240 -1
D4 16 240 -1
E3 50 240 -1
E4 50 240 -1
B2 83 240 -1
B3 83 240 -1
D3 116 240 -1
D4 116 240 -1
A2 149 240 -1
A3 149 240 -1
B2 182 240 -1
B3 182 240 -1
Measure Number: 40
G4 16 720 -1
B4 16 720 -1
G5 16 720 -1
G4 124 480 -1
B4 124 480 -1
G5 124 480 -1
G4 196 240 -1
B4 196 240 -1
G5 196 240 -1
G2 16 240 -1
G3 16 240 -1
E2 52 240 -1
E3 52 240 -1
B1 88 240 -1
B2 88 240 -1
D2 124 240 -1
D3 124 240 -1
A1 160 240 -1
A2 160 240 -1
B1 196 240 -1
B2 196 240 -1
Measure Number: 41
G4 122 720 -1
B4 122 720 -1
G5 122 720 -1
F4 226 720 0
A4 226 720 -1
F5 226 720 0
G1 122 240 -1
G2 122 240 -1
E3 156 240 -1
E4 156 240 -1
B2 191 240 -1
B3 191 240 -1
D3 226 240 -1
D4 226 240 -1
A2 260 240 -1
A3 260 240 -1
B2 295 240 -1
B3 295 240 -1
Measure Number: 42
F4 20 720 -1
A4 20 720 -1
F5 20 720 -1
F4 132 480 -1
A4 132 480 -1
F5 132 480 -1
F4 207 240 -1
A4 207 240 -1
F5 207 240 -1
C3 20 240 -1
C4 20 240 -1
C2 57 240 -1
C3 57 240 -1
F2 94 240 -1
F3 94 240 -1
A2 132 240 -1
A3 132 240 -1
D3 169 240 -1
D4 169 240 -1
A2 207 240 -1
A3 207 240 -1
Measure Number: 43
F4 19 1440 -1
A4 19 1440 -1
F5 19 1440 -1
C3 20 240 -1
C4 20 240 -1
D3 55 240 -1
D4 55 240 -1
A2 91 240 -1
A3 91 240 -1
C3 126 240 -1
C4 126 240 -1
G2 162 240 -1
G3 162 240 -1
A2 198 240 -1
A3 198 240 -1
Measure Number: 44
F4 16 720 -1
A4 16 720 -1
F5 16 720 -1
F4 146 480 -1
A4 146 480 -1
F5 146 480 -1
F4 233 240 -1
A4 233 240 -1
F5 233 240 -1
F2 16 240 -1
F3 16 240 -1
D2 59 240 -1
D3 59 240 -1
A1 103 240 -1
A2 103 240 -1
C2 146 240 -1
C3 146 240 -1
G1 189 240 -1
G2 189 240 -1
A1 233 240 -1
A2 233 240 -1
Measure Number: 45
F4 20 720 -1
A4 20 720 -1
F5 20 720 -1
E4 127 720 -1
E5 127 720 -1
A4 139 240 -1
B4 179 240 -1
C5 218 240 -1
F1 20 240 -1
F2 20 240 -1
D3 59 240 -1
D4 59 240 -1
A2 99 240 -1
A3 99 240 -1
C3 139 240 -1
C4 139 240 -1
B2 179 240 -1
B3 179 240 -1
A2 218 240 -1
A3 218 240 -1
Measure Number: 46
D4 116 240 0
D5 161 120 0
E5 189 120 -1
D5 217 120 0
E5 245 120 -1
F5 273 240 0
F5 318 240 0
F5 363 240 0
B1 116 240 -1
B2 116 240 -1
A3 161 240 -1
D4 161 240 0
D4 217 240 0
A4 217 240 -1
rest 240
A3 318 240 -1
D4 318 240 0
A4 318 240 -1
F3 363 240 0
A3 363 240 -1
D4 363 240 0
Measure Number: 47
F5 16 240 0
G5 60 120 -1
F5 87 120 0
E5 115 120 -1
A4 142 120 -1
C6 176 720 -1
C3 16 240 -1
A3 60 240 -1
E4 60 240 -1
A4 60 240 -1
F3 115 240 0
A3 115 240 -1
E4 115 240 -1
F2 176 240 0
A3 221 240 -1
E4 221 240 -1
A4 221 240 -1
F3 265 240 0
A3 265 240 -1
E4 265 240 -1
Measure Number: 48
rest 240
D5 56 120 0
E5 83 120 -1
D5 111 120 0
E5 138 120 -1
F5 166 240 0
F5 210 240 0
F5 254 240 0
B2 12 240 -1
A3 56 240 -1
D4 56 240 0
D4 111 240 0
A4 111 240 -1
B2 166 240 0
A3 210 240 -1
E4 210 240 -1
A4 210 240 -1
F3 254 240 0
A3 254 240 -1
E4 254 240 -1
Measure Number: 49
F5 14 240 0
G5 62 120 -1
F5 92 120 0
E5 122 120 -1
A4 153 120 0
C6 185 720 0
C3 14 240 0
A3 62 240 0
E4 62 240 -1
A4 62 240 0
F3 122 240 0
A3 122 240 0
E4 122 240 -1
F2 185 240 0
A3 233 240 0
E4 233 240 -1
A4 233 240 0
F3 281 240 0
A3 281 240 0
E4 281 240 -1
Measure Number: 50
B5 111 720 -1
G5 233 60 0
A5 255 60 -1
G5 276 60 0
A5 296 60 -1
G5 317 30 0
A5 334 30 -1
G5 351 30 0
A5 368 30 -1
G5 385 30 0
A5 403 30 -1
G5 420 30 0
A5 437 30 -1
F5 454 120 0
G5 483 120 0
D5 233 720 -1
B2 111 240 -1
B3 159 240 -1
D4 159 240 0
A4 159 240 -1
F3 195 240 0
B3 195 240 -1
D4 195 240 0
E2 231 240 -1
B3 315 240 -1
D4 315 240 -1
G4 315 240 0
E3 452 240 -1
B3 452 240 -1
D4 452 240 -1
Measure Number: 51
B5 15 240 -1
A5 59 120 -1
E5 83 120 -1
A5 107 120 -1
G5 139 120 -1
G5 163 240 -1
F5 201 480 0
D5 15 240 -1
C5 59 480 0
E5 163 240 -1
D5 201 120 -1
A4 225 120 -1
D5 248 120 -1
C5 272 120 0
A2 15 240 -1
A3 59 240 -1
E4 59 240 -1
G4 59 240 -1
E3 107 240 -1
A3 107 240 -1
C4 107 240 0
D2 163 240 -1
A3 201 240 -1
D4 201 240 -1
F4 201 240 0
F3 248 240 0
A3 248 240 -1
D4 248 240 -1
Measure Number: 52
A5 16 240 -1
G5 51 120 -1
D5 72 120 -1
G5 94 120 -1
F5 116 120 0
F5 138 240 0
E5 173 120 -1
F5 195 120 0
A5 216 120 -1
G5 238 120 -1
C5 16 240 0
B4 51 480 -1
B4 138 240 -1
C5 173 120 0
D5 195 120 -1
B4 216 120 -1
C5 238 120 0
G2 16 240 -1
B3 51 240 -1
D4 51 240 -1
F4 51 240 0
G3 94 240 -1
B3 94 240 -1
D4 94 240 -1
C2 138 240 0
G3 173 240 -1
E4 173 240 -1
rest 240
Measure Number: 53
A4 14 240 0
C5 53 120 0
D5 82 120 -1
C5 106 120 0
D5 131 120 -1
E5 158 480 -1
B4 238 240 -1
D5 238 240 -1
E4 14 240 -1
G4 53 480 -1
G4 170 240 -1
F4 199 480 0
A4 65 480 0
A4 170 480 0
F2 14 240 0
E4 53 120 -1
F3 82 120 0
E4 106 120 -1
D4 131 120 -1
C4 158 480 0
B3 238 240 -1
Measure Number: 54
B4 107 240 -1
D5 107 240 -1
B4 161 120 -1
D5 161 120 -1
C5 195 120 0
E5 195 120 -1
B4 229 120 -1
D5 229 120 -1
C5 263 120 0
E5 263 120 -1
B4 297 480 -1
F5 297 480 -1
B4 405 240 -1
E5 405 240 -1
F4 107 240 0
G4 161 480 0
G4 297 240 0
G4 351 480 -1
B3 107 240 -1
F4 161 120 -1
F3 195 120 0
F4 229 120 -1
E4 263 120 -1
D4 297 480 -1
C4 405 240 0
Measure Number: 55
B4 16 240 -1
E5 16 240 -1
E5 57 120 -1
F5 83 120 0
E5 109 120 -1
F5 135 120 0
G5 166 240 -1
G5 207 240 -1
G5 249 240 -1
G4 16 240 -1
C4 16 240 0
rest 240
rest 240
rest 480
rest 240
Measure Number: 56
G5 16 720 -1
G5 118 240 -1
F5 183 120 0
C5 210 120 0
E5 237 120 -1
D5 264 120 -1
rest 480
rest 240
F2 118 240 0
E4 183 240 -1
A4 183 240 0
A3 237 240 0
E4 237 240 -1
F4 249 240 0
Measure Number: 57
B4 12 720 -1
G4 154 240 0
rest 240
rest 240
B2 12 240 -1
B3 59 240 -1
D4 59 240 -1
F4 59 240 0
F3 106 240 0
B3 106 240 -1
D4 106 240 -1
C3 154 240 0
B3 192 240 -1
C4 203 240 0
E4 203 240 0
E3 251 240 0
B3 239 240 -1
C4 251 240 0
Measure Number: 58
rest 240
C5 210 240 0
C5 313 240 0
F5 313 240 0
D5 415 240 -1
E5 427 240 0
B4 517 240 -1
D5 620 240 -1
rest 120
A4 159 120 -1
A4 210 120 -1
G4 261 120 0
G4 313 120 0
F4 364 120 0
B4 415 120 -1
A4 466 120 -1
G4 517 120 0
F4 569 120 0
E4 620 120 0
B4 671 120 -1
F2 108 240 0
F3 210 240 0
A3 210 240 -1
C4 210 240 0
A3 313 240 -1
C4 313 240 0
A4 313 240 -1
F2 415 240 0
D3 415 240 -1
G3 415 240 0
F3 517 240 0
B3 517 240 -1
D4 517 240 -1
B3 620 240 -1
D4 620 240 -1
G4 620 240 0
Measure Number: 59
D5 12 240 -1
C5 114 240 0
C5 216 240 0
F5 216 240 0
D5 319 240 -1
E5 330 240 0
B4 421 240 -1
D5 523 240 -1
B4 12 120 -1
A4 63 120 -1
A4 114 120 -1
G4 165 120 0
G4 216 120 0
F4 267 120 0
B4 319 120 -1
A4 370 120 -1
C5 370 120 0
G4 421 120 0
F4 472 120 0
A4 472 120 -1
E4 523 120 0
G4 523 120 0
G4 574 120 0
B4 574 120 -1
F2 12 240 0
F3 12 240 0
F3 114 240 0
A3 114 240 -1
C4 114 240 0
A3 216 240 -1
C4 216 240 0
A4 216 240 -1
F2 319 240 0
D3 319 240 -1
G3 319 240 0
F3 421 240 0
B3 421 240 -1
D4 421 240 -1
B3 523 240 -1
D4 523 240 -1
G4 523 240 0
Measure Number: 60
C4 122 240 0
C5 122 240 0
A4 210 120 -1
C5 210 120 0
B4 261 120 -1
D5 261 120 -1
A4 313 120 -1
C5 313 120 0
B4 364 120 -1
D5 364 120 -1
E4 420 240 -1
E5 420 240 -1
E4 523 240 -1
E5 523 240 -1
E4 626 240 -1
E5 626 240 -1
G4 107 120 0
B4 107 120 -1
F4 158 120 0
A4 158 120 -1
F4 210 240 0
F4 313 240 -1
A4 416 120 -1
C5 416 120 0
B4 467 120 -1
B4 519 120 -1
A4 570 120 -1
A4 622 120 -1
G4 673 120 0
D4 467 120 -1
D4 519 120 -1
C4 570 120 0
C4 622 120 0
B3 673 120 -1
F2 107 240 0
C3 107 240 0
C3 210 240 0
F3 210 240 0
A3 210 240 -1
C4 210 240 0
F2 313 240 -1
F3 313 240 -1
E2 416 240 -1
E3 416 240 -1
E3 519 240 -1
E3 622 240 -1
Measure Number: 61
D4 20 240 -1
E5 20 240 -1
D5 117 120 -1
C5 167 120 0
B4 218 120 -1
C5 268 120 0
A4 319 240 -1
rest 480
G4 15 120 0
F4 66 120 0
F4 117 120 0
G4 167 120 0
F4 218 120 0
G4 268 120 0
F4 319 120 0
E4 370 120 -1
E4 420 120 -1
D4 471 120 0
D4 522 120 0
D4 572 120 -1
D4 319 120 -1
C4 370 120 0
C4 420 120 0
B3 471 120 0
B3 522 120 0
A3 572 120 -1
E2 15 120 -1
E3 66 120 -1
B3 117 120 -1
E4 167 120 -1
D4 218 120 -1
E4 268 120 -1
A3 319 360 -1
F3 471 120 0
F3 522 120 0
F3 572 120 -1
Measure Number: 62
rest 480
rest 240
C4 328 240 0
C5 328 240 0
C5 404 240 0
E5 404 240 -1
C5 472 240 0
E5 472 240 -1
A5 472 240 -1
D4 108 120 -1
C4 142 120 0
C4 176 120 0
F4 210 120 0
E4 244 120 -1
D4 279 120 -1
G4 279 120 0
B4 279 120 -1
B4 313 120 -1
E4 370 120 -1
E4 404 120 -1
B4 438 120 -1
B4 484 120 -1
A4 513 120 -1
A3 108 240 -1
A1 313 240 -1
A2 313 240 -1
E3 404 240 -1
A3 404 240 -1
C4 404 240 0
E3 472 240 -1
A3 472 240 -1
C4 472 240 0
E4 472 240 -1
F3 108 120 0
E3 142 120 -1
E3 176 120 -1
D2 210 120 -1
D3 210 120 -1
C2 244 120 0
C3 244 120 0
B1 279 120 -1
B2 279 120 -1
Measure Number: 63
G5 29 240 0
D5 99 240 -1
F5 156 240 -1
F5 214 240 -1
E5 271 240 -1
E5 329 240 -1
A5 329 240 -1
D5 41 120 -1
F5 41 120 -1
C5 70 120 0
E5 70 120 -1
B4 99 120 -1
A4 127 120 -1
C5 127 120 0
G4 156 120 0
B4 156 120 -1
B4 185 120 -1
D5 185 120 -1
D5 214 120 -1
C5 243 120 0
C5 271 120 0
B4 300 120 -1
D5 300 120 -1
B4 341 120 -1
D5 341 120 -1
A4 370 120 -1
C5 370 120 0
E4 214 240 -1
G2 29 240 0
F3 29 240 -1
B3 29 240 -1
F3 87 240 -1
G3 99 240 0
B3 99 240 -1
D4 99 240 -1
G3 156 240 0
B3 156 240 -1
D4 156 240 -1
F4 156 240 -1
A1 214 240 -1
A2 214 240 -1
E3 271 240 -1
A3 271 240 -1
C4 271 240 0
E3 329 240 -1
A3 329 240 -1
C4 329 240 0
E4 329 240 -1
Measure Number: 64
G5 29 240 0
D5 100 240 -1
F5 160 240 -1
rest 240
E5 280 120 -1
F5 310 120 0
E5 340 120 -1
F5 370 120 0
D5 41 120 -1
F5 41 120 0
C5 70 120 0
E5 70 120 -1
B4 100 120 -1
A4 130 120 -1
C5 130 120 0
G4 160 120 0
B4 160 120 -1
B4 190 120 -1
D5 190 120 -1
A4 220 120 -1
C5 220 120 0
B4 250 120 -1
D5 250 120 -1
C5 280 120 0
D5 310 120 -1
C5 340 120 0
D5 370 120 -1
E4 220 240 -1
A2 29 240 -1
F3 29 240 -1
B3 29 240 -1
F3 88 240 -1
G3 100 240 0
B3 100 240 -1
D4 100 240 -1
G3 160 240 0
B3 160 240 -1
D4 160 240 -1
F4 160 240 -1
A1 220 240 -1
A2 220 240 -1
E3 280 240 -1
A3 280 240 -1
C4 280 240 0
E4 280 240 -1
A3 340 240 -1
C4 340 240 0
A4 340 240 -1
Measure Number: 65
G4 124 240 -1
G5 124 240 -1
G4 196 240 -1
G5 196 240 -1
E5 264 240 -1
G5 264 240 -1
E4 340 240 -1
G5 340 240 -1
F5 437 120 0
C5 473 120 0
E5 509 120 -1
D5 545 120 -1
E5 120 120 -1
F5 156 120 0
E5 192 120 -1
D5 228 120 -1
C5 264 120 0
B4 300 120 -1
A4 336 480 0
A4 509 240 0
E2 120 240 -1
B2 120 240 -1
E3 120 240 -1
E3 192 240 -1
G3 192 240 -1
B3 180 240 -1
C4 192 240 0
B3 252 240 -1
C4 264 240 0
E4 264 240 -1
G4 264 240 -1
F2 336 120 0
F3 372 360 0
F3 513 240 0
F3 396 120 0
C4 437 120 0
E4 473 120 -1
G4 509 120 -1
F4 545 120 0
Measure Number: 66
B4 15 480 -1
B4 154 120 -1
A4 185 120 -1
C5 185 120 0
B4 216 240 -1
D5 216 240 -1
D5 277 120 -1
E5 308 120 -1
D5 339 120 -1
E5 369 120 -1
F4 15 120 0
E4 47 120 -1
D4 78 120 -1
G4 109 120 -1
F4 154 120 0
E4 185 120 -1
D4 216 120 -1
F4 246 120 0
B4 277 120 -1
C5 308 120 0
B4 339 120 -1
C5 369 120 0
B3 113 240 -1
B3 15 120 -1
D4 15 120 -1
G3 47 120 -1
F3 78 120 0
E2 109 120 -1
E3 109 120 -1
D2 154 120 -1
D3 154 120 -1
C2 185 120 0
C3 185 120 0
B1 216 240 -1
B2 216 240 -1
F3 277 240 0
B3 277 240 -1
D4 277 240 -1
B3 339 240 -1
D4 339 240 -1
F4 339 240 0
Measure Number: 67
F4 29 240 0
F5 29 240 0
D5 81 240 -1
F5 81 240 0
D5 139 240 -1
F5 139 240 0
F5 196 240 0
E5 252 120 -1
B4 280 120 -1
D5 308 120 -1
C5 336 120 0
D5 25 120 -1
C5 53 120 0
B4 81 120 -1
A4 109 120 -1
G4 139 120 -1
F4 167 120 0
G4 196 120 -1
D5 224 120 -1
C5 252 120 0
G4 280 120 -1
E4 308 120 -1
E4 336 120 0
D2 25 240 -1
A2 25 240 -1
D3 25 240 -1
F3 81 240 0
A3 81 240 -1
D4 81 240 -1
A3 139 240 -1
D4 139 240 -1
A4 139 240 -1
E2 196 240 -1
E3 196 240 -1
G3 252 240 -1
B3 252 240 -1
E4 252 240 -1
G2 308 240 -1
G3 308 240 -1
Measure Number: 68
A4 116 120 0
rest 120
C4 191 240 0
A4 191 240 0
C5 191 240 0
F4 260 240 0
A4 260 240 0
F5 260 240 0
E4 322 240 0
B4 322 240 -1
E5 322 240 0
E4 385 240 0
B4 385 240 -1
E4 447 240 0
D5 447 240 -1
F4 116 120 0
rest 120
B3 385 240 -1
A3 447 120 0
B3 481 120 -1
F2 116 120 0
F3 116 120 0
G3 159 120 -1
G4 159 120 -1
F3 191 120 0
F4 191 120 0
E3 224 120 0
E4 224 120 0
E3 260 120 -1
E4 260 120 -1
C3 291 120 0
C4 291 120 0
D3 322 120 -1
D4 322 120 -1
B2 353 120 -1
B3 353 120 -1
G2 385 120 0
G3 385 120 0
G2 416 120 -1
G3 416 120 -1
D2 447 120 -1
D3 447 120 -1
G1 481 120 -1
G2 481 120 -1
Measure Number: 69
C4 14 120 0
F4 14 120 0
A4 14 120 0
rest 120
C5 88 240 0
A5 88 240 0
C6 88 240 0
F5 158 240 0
A5 158 240 0
F6 158 240 0
E5 220 240 0
B5 220 240 -1
E6 220 240 0
E5 282 240 0
B5 282 240 -1
E5 345 240 0
D6 345 240 -1
B4 282 120 -1
A4 314 120 0
A4 345 120 0
B4 379 120 -1
F1 14 120 0
F2 14 120 0
G3 57 120 -1
G4 57 120 -1
F3 88 120 0
F4 88 120 0
E3 122 120 0
E4 122 120 0
E3 158 120 -1
E4 158 120 -1
C3 189 120 0
C4 189 120 0
D3 220 120 -1
D4 220 120 -1
B2 251 120 -1
B3 251 120 -1
G2 282 120 0
G3 282 120 0
G2 314 120 -1
G3 314 120 -1
D2 345 120 -1
D3 345 120 -1
G1 379 120 -1
G2 379 120 -1
Measure Number: 70
D5 17 120 -1
B5 17 120 -1
D6 17 120 -1
C5 51 120 0
A5 51 120 0
C6 51 120 0
C5 85 120 0
A5 85 120 0
C6 85 120 0
D5 118 120 -1
B5 118 120 -1
D6 118 120 -1
E5 154 120 -1
C6 154 120 0
E6 154 120 -1
F5 187 120 0
D6 187 120 -1
F6 187 120 0
G5 223 240 -1
E6 223 240 -1
G6 223 240 -1
G5 290 240 -1
E6 290 240 -1
G6 290 240 -1
G5 357 240 -1
E6 357 240 -1
G6 357 240 -1
E1 17 120 0
E2 17 120 0
F1 51 120 0
F2 51 120 0
G3 85 120 -1
G4 85 120 -1
F3 118 120 0
F4 118 120 0
E3 154 120 -1
E4 154 120 -1
D3 187 120 -1
D4 187 120 -1
C3 223 120 0
C4 223 120 0
B2 257 120 -1
B3 257 120 -1
A2 290 120 0
A3 290 120 0
G2 323 120 -1
G3 323 120 -1
E2 357 120 -1
E3 357 120 -1
C2 390 120 0
C3 390 120 0
Measure Number: 71
G5 122 240 -1
E6 122 240 -1
G6 122 240 -1
G3 196 240 -1
C4 196 240 -1
E4 196 240 -1
G3 234 240 -1
C4 234 240 -1
E4 234 240 -1
G3 271 240 -1
C4 271 240 -1
E4 271 240 -1
E3 320 240 -1
B3 320 240 -2
G4 320 240 -1
G3 357 240 -1
B3 357 240 -2
G4 357 240 -1
A1 122 240 0
A2 122 240 0
A1 196 240 0
A2 196 240 0
B1 234 240 -1
B2 234 240 -1
B1 271 240 -1
B2 271 240 -1
C2 320 240 -1
C3 320 240 -1
E1 357 240 -1
E2 357 240 -1
Measure Number: 72
D4 20 180 -1
E3 88 60 -1
B3 76 60 -2
C4 88 60 -1
F4 148 120 -1
E4 198 120 -1
A4 233 120 -1
G4 267 120 -1
C5 302 120 -1
G4 344 120 -1
G4 379 120 -1
F4 414 120 0
B4 451 120 -2
A4 488 120 -1
G1 20 240 -1
G2 20 240 -1
rest 120
G3 198 120 -1
B3 186 120 -2
C4 198 120 -1
C4 233 120 -1
B3 256 120 -2
C4 267 120 -1
E4 267 120 -1
rest 120
C4 344 120 -1
E4 344 120 -2
rest 120
A3 414 120 -1
C4 414 120 -1
E4 414 120 -2
D4 451 120 -1
C4 476 120 -1
D4 488 120 -1
F4 488 120 0
A1 302 240 -1
A2 302 240 -1
Measure Number: 73
D5 15 120 -1
A4 49 120 -1
A4 82 120 -1
G4 115 120 0
C5 148 120 -1
B4 184 120 -1
E5 217 120 -1
B4 251 120 -1
B4 284 120 -1
A4 316 120 0
D5 350 120 -1
C5 395 120 0
rest 120
D4 49 120 -1
F4 49 120 -1
rest 120
B3 115 120 -1
D4 115 120 -1
F4 115 120 -1
E4 148 120 -1
D4 172 120 -1
E4 184 120 -1
G4 184 120 0
rest 120
E4 251 120 -1
G4 251 120 -1
rest 120
C4 316 120 0
E4 316 120 -1
G4 316 120 -1
F4 350 120 0
E4 395 120 -1
G4 383 120 -1
A4 395 120 0
B1 15 240 -1
B2 15 240 -1
C2 217 240 0
C3 217 240 0
Measure Number: 74
G5 118 120 -1
F5 179 120 0
B5 212 120 -1
A5 246 120 0
D6 279 120 -1
C6 319 120 0
F6 353 120 0
E6 387 120 -1
G6 420 120 -1
C6 454 120 0
E6 442 120 -1
F6 454 120 0
G6 487 120 0
C6 521 120 0
E6 509 120 -1
F6 521 120 0
rest 120
A4 179 120 0
E5 179 120 -1
rest 120
C5 246 120 0
E5 234 120 -1
F5 246 120 0
F5 279 120 0
E5 308 120 -1
F5 319 120 0
A5 319 120 0
rest 120
A5 387 120 -1
C6 387 120 0
rest 120
A5 454 120 0
C5 487 120 0
A5 521 120 0
F1 118 240 0
F2 118 240 0
F4 353 240 0
Measure Number: 75
G6 16 120 -1
C6 49 120 0
E6 37 120 -1
F6 49 120 0
G6 83 120 0
C6 116 120 0
E6 104 120 -1
F6 116 120 0
G6 150 120 -1
C6 183 120 0
E6 171 120 -1
F6 183 120 0
G6 217 120 0
C6 250 120 0
E6 238 120 -1
F6 250 120 0
G6 284 120 -1
C6 317 120 0
E6 305 120 -1
F6 317 120 0
G6 351 120 0
C6 384 120 0
E6 373 120 -1
F6 384 120 0
F4 16 120 0
A5 49 120 0
C5 83 120 0
A5 116 120 0
F4 150 120 0
A5 183 120 0
C5 217 120 0
A5 250 120 0
F4 284 120 0
A5 317 120 0
C5 351 120 0
A5 384 120 0
Measure Number: 76
E6 16 120 0
F6 44 120 0
F7 72 120 0
F6 105 120 1
F7 134 120 0
G6 162 120 0
G6 193 120 1
A6 225 120 0
D7 259 120 0
C7 287 120 0
B6 316 120 -1
G6 345 120 0
E5 16 240 -1
rest 240
rest 960
Measure Number: 77
F6 109 120 0
D6 143 120 0
E6 172 120 -1
G6 201 120 0
F6 230 120 0
E6 259 120 -1
C6 288 120 0
A5 322 120 0
B5 351 120 -1
D6 380 120 0
C6 409 120 0
B5 438 120 -1
rest 1440
Measure Number: 78
G5 12 120 0
F5 38 120 0
D5 66 120 0
E5 91 120 -1
G5 116 120 0
F5 141 120 0
E5 166 120 -1
C5 203 120 0
A4 231 120 0
B4 265 120 -1
D5 290 120 0
C5 315 120 0
rest 480
rest 240
rest 240
C4 231 120 0
D4 265 120 0
F4 290 120 0
E4 315 120 -1
Measure Number: 79
B4 17 120 -1
G4 42 120 0
F4 70 120 0
D4 98 120 0
E4 123 120 -1
G4 147 120 0
F4 172 120 0
E4 196 120 -1
C4 221 120 0
A3 254 120 0
C4 279 120 0
G3 304 120 0
D4 17 120 0
B3 42 120 -1
A3 70 120 0
F3 98 120 0
G3 123 120 0
B3 147 120 -1
A3 172 120 0
G3 196 120 0
E3 221 120 -1
C3 254 120 0
E3 279 240 -1
Measure Number: 80
F3 15 480 0
F3 102 240 0
A3 102 240 0
D4 102 240 0
D4 132 480 0
A3 175 240 0
D4 175 240 0
E3 15 120 -1
D3 43 120 0
C3 63 120 0
B2 82 120 -1
F2 102 240 0
B2 132 480 -1
F3 132 480 0
B3 132 480 -1
F2 175 240 0
F3 175 240 0
Measure Number: 81
D4 116 480 0
D4 166 240 0
B4 166 240 -1
D4 198 720 0
B3 198 480 -1
G3 248 240 1
B2 116 480 -1
F3 116 480 0
B3 116 480 -1
F2 166 240 0
F3 166 240 0
B2 198 480 -1
F3 198 480 0
E2 248 240 0
E3 248 240 0
Measure Number: 82
C4 21 480 1
C4 81 240 1
A4 81 240 0
C4 119 480 1
F3 179 240 1
C4 179 240 0
A2 21 480 0
E3 21 480 0
E2 81 240 0
E3 81 240 0
A2 119 480 0
E3 119 480 0
A3 119 480 0
D2 179 240 0
Measure Number: 83
B3 14 480 -1
G3 69 240 0
C4 69 240 0
E4 69 240 -1
F3 115 480 0
B3 115 480 -1
D4 115 480 0
F3 171 240 0
A3 171 240 0
C4 171 240 0
G2 14 480 0
D3 14 480 0
G3 14 480 0
C2 69 240 0
F2 115 480 0
F2 171 240 0
Measure Number: 84
F3 17 240 0
B3 17 240 -1
D4 17 240 0
rest 240
D4 88 240 0
F4 88 240 0
D5 88 240 0
C4 133 720 0
D4 145 720 0
F4 133 720 1
D5 133 720 0
B1 17 240 -1
B2 17 240 -1
rest 240
B2 88 240 -1
F3 88 240 0
B3 88 240 -1
A2 133 720 0
D3 133 720 0
A3 133 720 0
Measure Number: 85
D4 14 480 0
G4 14 480 0
B4 14 480 -1
B3 66 240 -1
E4 66 240 -1
G4 66 240 0
G4 96 0 0
A4 116 0 0
B3 129 480 -1
E4 129 480 -1
G4 129 480 0
A3 182 240 0
E4 182 240 -1
F4 194 240 0
G2 14 480 0
D3 14 480 0
B3 14 480 -1
C3 66 240 0
C3 129 480 0
F2 182 240 0
F3 182 240 0
Measure Number: 86
B3 17 240 -1
D4 17 240 0
F4 17 240 0
rest 240
D4 89 240 0
F4 89 240 0
D5 89 240 0
D4 125 480 0
B4 125 480 -1
G4 182 240 0
B4 182 240 -1
G5 182 240 0
B1 17 240 -1
B2 17 240 -1
rest 240
B2 89 240 -1
F3 89 240 0
B3 89 240 -1
B2 125 480 -1
F3 125 480 0
B3 125 480 -1
B3 170 240 -1
C4 182 240 1
E4 182 240 0
Measure Number: 87
G4 119 240 0
B4 119 240 -1
G5 119 240 0
B4 159 240 -1
F5 159 240 0
B4 200 240 -1
E5 200 240 0
A4 231 720 -1
B4 243 720 -1
F5 243 720 0
B3 107 240 -1
C4 119 240 1
E4 119 240 0
B3 159 240 -1
D4 159 240 0
F4 159 240 0
B3 188 240 -1
C4 200 240 0
G4 200 240 0
B3 243 480 -1
D4 243 480 0
F4 243 480 0
B1 306 240 -1
B2 306 240 -1
Measure Number: 88
A4 12 480 -1
B4 23 480 -1
F5 23 480 0
D4 99 240 0
A4 99 240 -1
B4 111 240 -1
B4 137 720 -1
D4 158 480 0
A4 158 480 -1
E4 197 240 -1
G4 197 240 0
B1 23 240 -1
B2 23 240 -1
rest 240
B2 99 240 -1
B3 99 240 -1
B2 137 480 -1
B3 137 480 -1
E3 197 240 -1
B3 197 240 -1
Measure Number: 89
B4 12 480 -1
E4 55 240 -1
G4 55 240 0
E5 55 240 -1
E4 81 480 -1
G4 81 480 0
E5 81 480 -1
C4 124 240 0
E4 124 240 -1
G4 124 240 0
E4 12 480 -1
G4 12 480 0
E3 12 480 -1
B3 12 480 -1
C3 55 240 0
C4 55 240 0
C3 81 480 0
C4 81 480 0
C3 124 240 0
G3 124 240 0
Measure Number: 90
C4 15 480 0
E4 15 480 -1
G4 15 480 0
B3 71 240 -1
D4 71 240 0
B4 71 240 -1
B3 105 480 -1
D4 105 480 0
B4 105 480 -1
B3 161 240 -1
E4 161 240 0
C5 161 240 0
C3 15 480 0
G3 15 480 0
G2 71 240 0
G3 71 240 0
G2 105 480 0
G3 105 480 0
C3 161 240 0
Measure Number: 91
E4 15 1440 -1
F4 28 1440 0
B3 16 240 -1
A3 53 240 0
D4 83 240 0
C4 113 240 0
G3 143 240 0
A3 172 240 0
F2 15 1440 0
C3 15 1440 0
Measure Number: 92
D4 14 480 0
F4 14 480 0
D4 81 240 0
D5 81 240 0
D4 115 480 0
D5 115 480 0
D4 169 240 0
B4 169 240 -1
G3 14 240 0
F3 47 480 0
B2 115 480 -1
F3 115 480 0
B2 169 240 -1
F3 169 240 1
B2 14 720 -1
Measure Number: 93
D4 119 480 0
B4 119 480 -1
D4 171 240 0
G4 171 240 0
G4 201 0 0
A4 221 0 0
B3 235 480 -1
E4 235 480 -1
G4 235 480 0
E4 287 240 -1
F4 299 240 0
B2 119 480 -1
F3 119 480 1
B2 171 240 -1
G3 171 240 0
C3 235 480 0
G3 235 480 0
C3 287 240 0
A3 287 240 0
Measure Number: 94
D4 18 480 0
F4 18 480 0
F4 79 240 1
D5 79 240 0
G4 118 480 0
B4 118 480 -1
G4 179 240 0
B4 179 240 -1
G5 179 240 0
D3 18 480 0
A3 18 480 0
D3 79 240 0
A3 79 240 0
C4 79 240 0
E3 118 480 -1
G3 118 480 0
B3 118 480 -1
E3 179 240 0
B3 167 240 -1
C4 179 240 1
Measure Number: 95
G4 23 240 0
B4 23 240 -1
G5 23 240 0
F4 64 240 0
B4 64 240 -1
F5 64 240 0
E4 109 240 0
B4 109 240 -1
E5 109 240 0
F4 153 720 0
B4 153 720 -1
F5 153 720 0
E3 23 240 0
B3 12 240 -1
C4 23 240 1
F3 64 240 0
B3 64 240 -1
D4 64 240 0
G3 109 240 0
B3 97 240 -1
C4 109 240 1
A3 141 480 -1
B3 153 480 -1
D4 153 480 0
B1 218 240 -1
B2 218 240 -1
Measure Number: 96
F4 15 480 0
B4 15 480 -1
F5 15 480 0
D4 92 240 0
A4 92 240 -1
B4 103 240 -1
B4 130 720 -1
D4 151 480 0
A4 151 480 -1
E4 191 240 -1
G4 191 240 0
B1 15 240 -1
B2 15 240 -1
rest 240
B2 92 240 -1
F3 92 240 0
B3 92 240 -1
B2 130 480 -1
F3 130 480 0
B3 130 480 -1
E3 191 240 -1
B3 191 240 -1
Measure Number: 97
B4 12 480 -1
G4 50 240 0
E5 50 240 -1
G4 74 720 0
E5 74 720 -1
E4 12 480 -1
G4 12 480 0
E3 12 480 -1
B3 12 480 -1
E3 50 240 -1
B3 50 240 -1
E3 74 720 -1
B3 74 720 -1
Measure Number: 98
G4 12 480 0
E5 12 480 -1
C4 64 240 0
G4 64 240 0
B3 106 480 -1
D4 106 480 0
B4 106 480 -1
B3 158 240 -1
E4 158 240 0
C5 158 240 0
E3 12 480 -1
B3 12 480 -1
E3 64 240 -1
G2 106 480 0
G3 106 480 0
C3 158 240 0
Measure Number: 99
A3 138 480 0
E4 138 480 -1
C5 138 480 0
B3 180 240 -1
D4 180 240 0
B4 180 240 -1
B3 207 480 -1
D4 207 480 0
B4 207 480 -1
D4 249 240 0
F2 138 480 0
B1 180 240 -1
B2 207 480 -1
F3 207 480 0
D3 249 240 0
Measure Number: 100
D4 17 120 0
E4 66 120 -1
D4 94 120 0
A4 122 120 0
F4 153 120 1
E4 177 120 -1
D4 200 120 0
E4 225 120 -1
D4 248 120 0
B4 272 120 -1
G4 295 120 0
E4 318 120 -1
C4 29 720 0
B3 200 720 -1
D3 17 120 0
E3 66 120 -1
D3 94 480 0
D3 200 120 0
E3 225 120 -1
D3 248 480 0
F2 17 720 1
G2 200 720 0
Measure Number: 101
F3 21 120 1
E4 45 120 -1
D4 73 120 0
F4 104 120 1
C5 129 120 0
D5 157 120 0
F5 188 120 1
C6 212 120 0
C6 237 120 0
A6 269 120 0
rest 120
B5 318 120 -1
G6 318 120 0
A2 21 240 0
C4 73 240 0
rest 240
rest 480
rest 240
Measure Number: 102
A5 17 120 0
F6 53 120 1
G5 88 120 0
E6 88 120 -1
F5 121 120 1
D6 153 120 0
E5 181 120 -1
C6 181 120 0
D5 209 120 0
B5 236 120 -1
C5 270 120 0
A5 270 120 0
E5 297 120 -1
C6 324 120 0
D5 352 120 0
B5 352 120 -1
D2 17 240 0
D3 88 240 0
A3 153 240 0
C4 209 240 0
F4 270 240 1
rest 240
Measure Number: 103
C5 107 120 0
A5 140 120 0
D5 174 120 0
B5 174 120 -1
A4 214 120 0
F5 214 120 1
C5 248 120 0
A5 248 120 0
rest 60
B4 306 60 -1
G5 306 60 0
B4 327 120 -1
G5 327 120 0
F4 360 120 1
F4 394 120 1
F4 428 120 0
F4 461 120 0
E4 495 120 0
G2 107 240 0
D3 174 240 0
D4 248 120 0
F4 285 120 1
G4 327 120 0
F3 360 120 1
F3 394 120 1
F3 428 120 0
F3 461 120 0
E3 495 120 0
Measure Number: 104
E4 17 120 0
F4 66 120 0
E4 96 120 0
B4 126 120 0
G4 158 120 1
F4 188 120 0
E4 218 120 0
F4 249 120 0
E4 279 120 0
C5 309 120 0
A4 340 120 0
F4 370 120 0
D4 29 720 0
C4 218 720 0
E3 17 120 0
F3 66 120 0
E3 96 480 0
E3 218 120 0
F3 249 120 0
E3 279 480 0
G2 17 720 1
A2 218 720 0
Measure Number: 105
G3 21 120 1
F4 54 120 0
E4 87 120 0
G4 120 120 1
D5 153 120 0
E5 186 120 0
G5 219 120 1
D6 252 120 0
D6 285 120 0
B6 318 120 0
rest 120
C6 384 120 0
A6 384 120 0
B2 21 240 0
D4 87 240 0
rest 960
Measure Number: 106
C6 119 120 0
A6 156 120 0
B5 202 120 0
G6 202 120 1
A5 239 120 0
F6 276 120 0
G5 321 120 1
E6 321 120 0
F5 358 120 0
D6 395 120 0
E5 432 120 0
C6 432 120 0
D5 469 120 0
B5 469 120 0
F5 506 120 0
D6 506 120 0
E5 542 120 0
C6 542 120 0
E2 119 240 0
E3 202 240 0
B3 276 240 0
D4 358 240 0
G4 432 240 1
rest 240
Measure Number: 107
D5 17 120 0
B5 50 120 0
E5 84 120 0
C6 84 120 0
B4 124 120 0
G5 124 120 1
D5 157 120 0
B5 157 120 0
C5 190 120 0
A5 190 120 0
C5 224 120 0
A5 224 120 0
C5 257 240 0
A5 257 240 0
C5 323 240 0
A5 323 240 0
C5 388 120 0
A5 388 120 0
A1 17 240 0
A2 84 120 0
E3 124 120 0
A3 157 120 0
E4 190 120 0
A4 224 240 0
E4 290 240 0
E4 355 240 -1
Measure Number: 108
C5 17 120 0
A5 17 120 0
D5 53 240 0
B5 53 240 -1
C5 97 240 0
A5 97 240 0
E5 151 120 -1
C6 151 120 0
E5 181 120 -1
C6 181 120 0
D5 208 240 0
B5 208 240 -1
C5 263 120 0
F5 263 120 1
B4 290 120 -1
G5 290 120 0
D5 318 120 0
B5 318 120 -1
D4 17 1440 0
D4 42 480 0
F3 124 240 1
G3 181 240 0
A3 236 240 0
B3 290 120 -1
D3 318 120 0
Measure Number: 109
D5 119 120 0
B5 119 120 -1
C5 153 240 0
A5 153 240 0
D5 220 120 0
B5 220 120 -1
A4 271 120 0
F5 271 120 1
C5 305 120 0
A5 305 120 0
C5 338 120 0
A5 338 120 0
B4 372 120 -1
G5 372 120 0
G5 392 0 0
A5 418 0 -1
B4 431 120 -1
G5 431 120 0
A4 464 240 0
F5 464 240 1
B4 531 120 -1
G5 531 120 0
D2 119 240 0
D4 187 720 0
D4 211 240 0
C4 271 240 0
F4 271 240 1
G3 338 240 0
D4 431 240 0
D4 498 240 -1
Measure Number: 110
B4 16 120 -1
G5 16 120 0
C5 50 240 0
A5 50 240 -1
B4 97 240 -1
G5 97 240 0
D5 157 120 -1
B5 157 120 -1
D5 187 120 -1
B5 187 120 -1
C5 216 240 0
A5 216 240 -1
B4 276 120 -1
E5 276 120 0
A4 305 120 -1
F5 305 120 0
C5 335 120 0
A5 335 120 -1
C4 15 1440 0
C4 40 480 0
E3 127 240 0
F3 187 240 0
G3 246 240 0
A3 305 120 -1
C3 335 120 0
Measure Number: 111
C5 15 120 0
A5 15 120 -1
B4 46 240 -1
G5 46 240 0
C5 109 120 0
A5 109 120 -1
G4 154 120 0
E5 154 120 0
B4 185 120 -1
G5 185 120 0
B4 216 120 -1
G5 216 120 0
A4 247 120 -1
F5 247 120 0
F5 267 0 0
G5 279 0 0
A4 292 120 -1
F5 292 120 0
G4 323 240 0
E5 323 240 0
A4 385 120 -1
F5 385 120 0
C2 15 240 0
C4 77 720 0
C4 102 240 0
B3 154 240 -1
E4 154 240 0
F3 216 240 0
C4 292 240 0
A3 354 240 -1
F4 354 240 0
Measure Number: 112
A4 107 120 -1
F5 107 120 0
B4 200 240 -1
G5 200 240 -1
A4 418 120 -1
F5 418 120 0
G4 542 120 -1
E5 542 120 -1
B4 635 120 -1
G5 635 120 -1
A4 728 120 -1
F5 728 120 0
B4 822 120 -1
G5 822 120 -1
A4 915 120 -1
F5 915 120 0
G4 1039 120 -1
C5 1039 120 0
F4 1163 120 0
D5 1163 120 -1
A4 1257 120 -1
F5 1257 120 0
A2 107 240 -1
A3 295 80 -1
B3 372 80 -1
A3 467 80 -1
C3 542 240 0
D3 728 240 -1
A3 917 80 -1
B3 993 80 -1
A3 1089 80 -1
G3 1144 0 0
A3 1153 0 -1
D4 1163 240 -1
Measure Number: 113
G4 116 120 0
E5 116 120 -1
A4 142 120 -1
F5 142 120 0
G4 168 120 0
E5 168 120 -1
F5 194 120 0
F4 220 120 0
D5 220 120 -1
E5 246 120 -1
E4 273 120 -1
C5 273 120 0
D5 299 120 -1
D4 325 120 -1
B4 325 120 -1
C5 351 120 0
C4 377 120 0
A4 377 120 -1
rest 120
E2 116 240 -1
E3 168 240 -1
G3 220 240 0
E4 220 240 -1
A2 273 240 -1
E3 325 240 -1
A3 377 120 -1
E4 377 120 -1
rest 120
Measure Number: 114
A5 15 120 -1
F6 15 120 0
B5 49 240 -1
G6 49 240 -1
A5 135 120 -1
F6 135 120 0
G5 179 120 -1
E6 179 120 -1
B5 212 120 -1
G6 212 120 -1
A5 245 120 -1
F6 245 120 0
B5 278 120 -1
G6 278 120 -1
A5 310 120 -1
F6 310 120 0
G5 355 120 -1
C6 355 120 0
F5 425 120 0
D6 425 120 -1
A5 458 120 -1
F6 458 120 0
A2 15 240 -1
A4 92 80 -1
B4 119 80 -1
A4 154 80 -1
C4 179 240 0
D4 245 240 -1
A4 312 80 -1
B4 339 80 -1
A4 374 80 -1
G4 400 0 0
A4 412 0 -1
D5 425 240 -1
Measure Number: 115
G5 17 120 0
E6 17 120 -1
A5 49 120 -1
F6 49 120 0
G5 94 120 0
E6 94 120 -1
F6 126 120 0
F5 158 120 0
D6 158 120 -1
E6 190 120 -1
E5 222 120 -1
C6 222 120 0
D6 254 120 -1
D5 286 120 -1
B5 286 120 -1
C6 318 120 0
C5 350 120 0
A5 350 120 -1
F6 381 120 0
E3 17 240 -1
E4 94 240 -1
G4 158 240 0
E5 158 240 -1
A3 222 240 -1
E4 286 240 -1
A4 350 240 -1
E5 350 240 -1
Measure Number: 116
G5 111 120 0
E6 111 120 -1
F6 145 120 0
G5 192 120 0
E6 192 120 -1
F6 227 120 0
F5 261 120 0
D6 261 120 -1
E6 295 120 -1
E5 329 120 -1
C6 329 120 0
D6 363 120 -1
D5 398 120 -1
B5 398 120 -1
C6 432 120 0
C5 466 120 0
A5 466 120 -1
rest 120
E3 111 240 -1
E4 192 240 -1
G4 261 240 0
E5 261 240 -1
A3 329 240 -1
E4 398 240 -1
A4 466 120 -1
E5 466 120 -1
rest 120
Measure Number: 117
G6 15 120 0
E7 15 120 -1
F7 49 120 0
G6 82 120 0
E7 82 120 -1
F7 116 120 0
F6 149 120 0
D7 149 120 -1
E7 183 120 -1
E6 232 120 -1
C7 232 120 0
D7 265 120 -1
D6 299 120 -1
B6 299 120 -1
C7 332 120 0
C6 366 120 0
A6 366 120 -1
B6 399 120 -1
E2 15 240 -1
E3 82 240 -1
G3 149 240 0
D4 138 240 -1
E4 149 240 -1
B3 232 240 -1
D4 232 240 -1
G4 232 240 0
E4 299 240 -1
G4 299 240 0
D5 299 240 -1
G4 366 240 0
D5 366 240 -1
E5 378 240 -1
Measure Number: 118
B5 12 120 -1
G6 12 120 0
A6 41 120 -1
A5 70 120 -1
F6 70 120 0
G6 99 120 0
G5 128 120 0
E6 128 120 -1
F6 158 120 0
F5 187 120 0
D6 187 120 -1
E6 216 120 -1
E5 245 120 -1
C6 245 120 0
D6 274 120 -1
D5 304 120 -1
B5 304 120 -1
C6 333 120 0
D5 12 240 -1
G5 12 240 0
rest 240
rest 960
Measure Number: 119
C5 111 120 0
A5 111 120 -1
B5 135 120 -1
B4 159 120 -1
G5 159 120 0
A5 182 120 -1
A4 205 120 -1
F5 205 120 0
G5 229 120 0
G4 252 120 0
E5 252 120 -1
F5 275 120 0
F4 299 120 0
D5 299 120 -1
E5 322 120 -1
E4 345 120 -1
C5 345 120 0
D5 369 120 -1
rest 240
D4 159 480 -1
D4 252 480 -1
E3 345 240 -1
Measure Number: 120
B4 14 60 -1
C5 37 60 0
B4 58 60 -1
C5 79 60 0
B4 100 30 -1
C5 117 30 0
B4 134 30 -1
C5 152 30 0
B4 169 30 -1
C5 186 30 0
B4 203 30 -1
C5 220 30 0
B4 237 30 -1
C5 255 30 0
B4 272 30 -1
C5 289 30 0
B4 306 30 -1
C5 323 30 0
B4 340 30 -1
C5 358 30 0
A4 384 120 0
B4 412 120 -1
C5 441 120 0
B4 470 120 -1
D5 499 120 -1
G4 527 120 0
D4 12 1440 -1
E3 12 240 -1
E3 98 240 0
F3 235 240 0
F3 384 240 1
G3 441 240 0
E3 499 240 -1
A2 12 1440 -1
Measure Number: 121
A4 15 720 -1
A4 195 240 -1
G4 256 120 0
A4 286 120 -1
G4 337 120 0
A4 368 120 -1
C4 15 120 0
E4 45 120 -1
B3 75 120 -1
E4 105 120 -1
C4 135 120 0
E4 165 120 -1
D4 195 120 -1
F4 226 120 -1
E4 256 120 -1
G4 297 120 -1
D4 337 120 -1
F4 368 120 -1
A3 15 240 -1
E3 75 240 -1
G3 135 240 -1
F3 195 240 -1
C3 256 240 0
D3 337 240 -1
A2 15 720 -1
Measure Number: 122
B4 126 240 -2
A4 181 240 -1
G4 245 240 -1
F4 305 240 -1
F4 359 120 -1
E4 387 120 -1
G4 441 0 -1
F4 461 120 -1
E4 488 120 -1
D4 126 120 -1
E4 153 120 -1
D4 181 120 -1
F4 211 120 -1
G3 245 120 -1
D4 273 120 -1
G3 305 120 0
D4 332 120 -1
G3 359 120 0
D4 399 120 -1
G3 461 120 0
D4 500 120 -1
G2 126 240 0
A2 181 240 -1
A2 245 240 0
B2 305 240 -1
D2 359 120 0
E2 387 120 -1
D2 461 120 0
E2 488 120 -1
Measure Number: 123
A4 15 480 -1
A4 119 240 -1
A4 173 240 -1
G4 227 120 0
A4 255 120 -1
G4 307 120 0
A4 337 120 -1
C4 15 120 0
E4 41 120 -1
B3 67 120 -1
E4 93 120 -1
C4 119 120 0
E4 146 120 -1
A3 173 120 -1
D4 198 120 -1
A3 227 120 -1
G4 267 120 -1
A3 307 120 -1
F4 337 120 -1
A1 15 240 -1
A2 15 240 -1
E2 67 240 -1
E3 67 240 -1
G2 119 240 -1
G3 119 240 -1
F2 173 240 -1
F3 173 240 -1
C2 227 240 0
C3 227 240 0
D2 307 240 -1
D3 307 240 -1
Measure Number: 124
C5 20 120 -1
B4 57 120 -2
B4 88 120 -2
A4 119 120 -1
A4 153 120 -1
G4 183 120 -1
F4 215 120 -1
E4 246 120 -1
C5 300 120 -1
B4 339 120 -1
F5 370 120 -1
E5 401 120 -1
D4 20 120 -1
E4 57 120 -1
D4 88 120 -1
F4 119 120 -1
G3 153 120 -1
D4 183 120 -1
G3 215 120 0
D4 258 120 -1
D4 300 120 -1
G4 339 120 0
G4 370 120 0
D5 412 120 -1
G1 20 240 -1
G2 20 240 -1
A1 88 240 -1
A2 88 240 -1
A1 153 240 0
A2 153 240 0
B1 215 240 -1
B2 215 240 -1
E1 300 240 -1
E2 300 240 -1
E2 370 240 -1
E3 370 240 -1
Measure Number: 125
A5 119 240 -1
A5 179 240 -1
A5 239 240 -1
A5 299 240 -1
G5 359 240 0
E5 419 240 -1
D5 107 120 -1
E5 119 120 -1
C5 149 120 0
C5 179 120 0
E5 179 120 -1
B4 209 120 -1
C5 239 120 0
E5 239 120 -1
A4 269 120 -1
B4 299 120 -1
E5 299 120 -1
A4 329 120 -1
B4 359 120 -1
E5 359 120 -1
F4 389 120 0
G4 419 120 0
B4 419 120 -1
E4 449 120 -1
A1 119 240 -1
A2 119 240 -1
E2 179 240 -1
E3 179 240 -1
A2 239 240 -1
E3 239 240 -1
A2 299 720 -1
E3 299 720 -1
rest 240
B3 359 240 -1
B3 419 240 -1
Measure Number: 126
G5 16 240 -1
G5 86 240 -1
G5 157 240 -1
G5 239 720 -1
E5 227 240 -1
E5 302 240 -2
D5 373 240 -1
B4 16 120 -1
E5 16 120 -1
A4 51 120 0
C5 86 120 0
E5 86 120 -1
G4 122 120 -1
B4 157 120 -1
E5 157 120 -1
G4 192 120 -1
B4 227 120 -1
G4 264 120 -1
B4 302 120 -1
G4 338 120 -1
B4 373 120 -1
G4 408 120 -1
A2 16 720 -1
E3 16 720 -1
E4 227 720 -1
B3 16 240 -1
A3 86 120 0
B3 122 120 -1
A3 157 120 0
B3 192 120 -1
Measure Number: 127
G5 35 240 -1
G5 100 240 -1
G5 165 240 -1
G5 229 240 -1
F5 294 240 0
C5 359 240 0
B4 23 120 -2
C5 35 120 0
A4 67 120 -1
A4 100 120 -1
C5 100 120 0
G4 132 120 -1
A4 165 120 -1
C5 165 120 0
E4 197 120 -1
A4 229 120 -1
C5 229 120 0
G4 262 120 0
A4 294 120 -1
C5 294 120 0
E4 326 120 0
F4 359 120 0
C4 391 120 0
A1 35 240 -1
E2 100 240 -1
A2 165 240 -1
A2 229 720 -1
A2 35 240 -1
E3 100 240 -1
A3 165 240 -1
A3 229 240 -1
A3 294 240 -1
A3 359 240 -1
Measure Number: 128
E5 137 240 0
E5 199 240 0
E5 257 240 0
E5 307 480 0
B4 418 240 0
E4 137 120 0
B4 137 120 0
D4 168 120 1
F4 199 120 1
B4 199 120 0
B3 231 120 0
E4 257 120 0
B4 257 120 0
B3 282 120 0
B4 307 120 0
E4 333 120 0
B4 358 120 0
D4 390 120 1
B4 418 120 0
D4 455 120 0
G3 137 240 1
F3 199 120 2
G3 231 120 1
F3 257 120 2
G3 282 120 1
G4 307 720 0
G2 137 720 1
Measure Number: 129
B4 29 120 0
A4 78 120 0
E5 106 240 0
E5 179 240 0
E5 237 240 0
D5 300 240 0
C5 368 240 1
C4 29 120 1
G4 66 120 0
E4 106 120 0
G4 132 120 0
A4 144 120 0
E4 179 120 0
G4 197 120 0
A4 208 120 0
E4 237 120 0
F4 268 120 1
A4 268 120 0
D4 300 120 0
F4 328 120 1
A4 328 120 0
C4 368 120 1
F4 397 120 1
A4 397 120 0
A1 29 120 0
E3 66 120 0
A3 106 120 0
B3 144 120 0
C4 179 240 1
D2 237 120 0
A3 268 120 0
F3 300 120 1
A3 328 120 0
B2 368 120 0
A3 397 120 0
Measure Number: 130
C5 29 240 1
B4 118 240 0
A4 179 240 0
C5 230 720 1
C4 29 120 1
E4 74 120 0
G4 74 120 1
B3 118 120 0
E4 143 120 0
G4 143 120 1
A3 179 120 0
E4 204 120 0
C4 254 120 1
E4 306 120 0
A4 306 120 0
C4 332 120 1
D4 363 120 0
A4 363 120 0
C4 389 120 1
E4 414 120 0
A4 414 120 0
E2 29 120 0
E3 74 120 0
D3 118 120 0
G3 118 120 1
E3 143 120 0
C3 179 120 1
E3 204 120 0
A2 254 120 0
E3 306 120 0
A3 332 120 0
F3 363 120 1
E3 389 240 0
A2 230 720 0
Measure Number: 131
E5 123 240 0
E5 206 240 0
E5 270 240 0
E5 325 240 0
D5 388 240 0
C5 457 240 1
C4 123 120 1
G4 161 120 0
A4 173 120 0
E4 206 120 0
G4 223 120 0
A4 235 120 0
E4 270 120 0
G4 287 120 0
A4 299 120 0
E4 325 120 0
F4 356 120 1
A4 356 120 0
D4 388 120 0
F4 413 120 1
A4 413 120 0
C4 457 120 1
F4 488 120 1
A4 488 120 0
A1 123 120 0
A2 173 120 0
E3 206 120 0
B3 235 120 0
C4 270 240 1
D2 325 120 0
A3 356 120 0
F3 388 120 1
A3 413 120 0
F2 457 120 1
C3 488 120 1
Measure Number: 132
C5 33 240 1
B4 108 240 0
A4 175 240 0
C5 259 720 1
C4 33 120 1
G4 76 120 1
B3 108 120 0
C4 133 120 1
G4 133 120 1
A3 175 120 0
C4 211 120 1
F4 211 120 1
G3 259 120 1
E4 310 120 1
G4 310 120 1
C4 334 120 1
E4 357 120 1
G4 357 120 1
C4 392 120 1
E4 416 120 1
G4 416 120 1
E2 33 120 1
C3 76 120 1
G3 108 120 1
C3 133 120 1
F2 175 120 1
C3 211 120 1
C2 259 120 1
G2 310 120 1
G3 334 120 1
C3 357 120 1
C4 392 240 1
Measure Number: 133
C5 29 240 1
B4 118 240 0
A4 176 240 0
C5 227 720 1
C4 29 120 1
E4 74 120 0
G4 74 120 1
B3 118 120 0
E4 141 120 0
G4 141 120 1
A3 176 120 0
E4 199 120 0
C4 227 120 1
E4 264 120 0
A4 264 120 0
C4 292 120 1
D4 323 120 0
A4 323 120 0
C4 346 120 1
E4 369 120 0
G4 369 120 1
E2 29 120 0
E3 74 120 0
D3 118 120 0
G3 118 120 1
E3 141 120 0
C3 176 120 1
E3 199 120 0
A2 227 120 0
E3 264 120 0
A3 292 120 0
F3 323 120 1
E3 346 120 0
A2 369 120 0
Measure Number: 134
C5 135 720 1
C5 521 720 1
A4 123 120 0
A4 189 240 0
A4 322 240 0
A4 455 120 0
A4 521 720 0
C4 123 120 1
D4 189 120 0
C4 256 120 1
E4 346 120 0
C4 389 120 1
D4 455 120 0
C4 521 720 1
A3 123 120 0
F3 189 120 1
E3 256 120 0
A2 346 120 0
A3 389 120 0
F3 455 120 1
E3 521 720 0
A2 322 360 0
A2 521 720 0
Measure Number: 135
C6 332 120 1
A6 385 120 0
C6 438 120 1
E6 468 0 0
D6 500 120 0
C6 553 120 1
A5 606 120 0
E5 332 120 0
A5 385 120 0
E5 438 120 0
F5 500 120 0
E5 553 120 0
C5 606 120 1
C4 15 120 1
E4 68 120 0
A4 121 120 0
C5 174 120 1
E5 227 120 0
A5 279 120 0
E3 15 120 0
A3 68 120 0
C4 121 120 1
E4 174 120 0
A4 227 120 0
C5 279 120 1
Measure Number: 136
E5 115 120 0
G5 140 0 0
F5 168 120 0
E5 221 120 0
A5 274 120 0
C5 328 120 1
E5 359 0 0
D5 381 120 0
C5 434 120 1
A4 487 120 0
E4 541 120 0
G4 566 0 0
F4 594 120 0
E4 647 120 0
A4 701 120 0
A4 115 120 0
D5 168 120 0
C5 221 120 1
A4 274 120 0
E4 328 120 0
F4 381 120 0
E4 434 120 0
C4 487 120 1
A3 541 120 0
D4 594 120 0
C4 647 120 1
E3 701 120 0
Measure Number: 137
E4 9 120 0
G4 38 0 0
F4 60 120 0
E4 110 120 0
A4 161 120 0
E4 212 120 0
G4 241 0 0
F4 263 120 0
E4 314 120 0
A4 364 240 0
A4 446 120 0
B4 496 120 -1
G4 547 120 1
A2 9 120 0
D4 60 120 0
C4 110 120 1
E3 161 120 0
A2 212 120 0
D4 263 120 0
C4 314 360 1
rest 240
rest 120
Measure Number: 138
A4 116 240 0
B4 163 240 -1
D5 210 240 0
C5 257 240 1
G4 304 240 0
B4 352 240 -1
rest 480
rest 240
A3 257 240 0
B3 304 240 -1
D4 352 240 0
Measure Number: 139
A4 21 240 0
B4 63 240 -1
D5 105 240 0
C5 148 240 1
G4 190 240 0
B4 233 240 -1
C4 21 240 1
G3 63 240 0
B3 105 240 -1
A3 148 240 0
B3 190 240 -1
D4 233 240 0
Measure Number: 140
rest 240
A4 67 120 0
B4 97 120 -1
A4 126 120 0
B4 156 120 -1
C5 186 240 0
C5 233 240 0
C5 281 240 0
G4 115 240 0
C4 186 240 0
D4 233 240 0
F4 281 240 0
D4 20 240 -1
C4 67 240 0
B3 126 240 -1
B3 186 240 -1
A3 233 240 0
D3 281 240 0
Measure Number: 141
C5 15 240 0
B4 65 120 -1
A4 96 120 0
G4 128 120 0
A4 160 120 0
F4 192 240 0
rest 240
rest 240
B3 15 240 -1
F4 15 240 0
D4 65 240 0
B3 128 240 -1
E4 128 240 0
A3 192 240 0
rest 240
rest 240
G3 15 240 0
G2 65 240 0
C3 128 240 0
C3 192 240 0
D3 242 240 -1
F3 291 240 0
C3 128 240 0
F2 192 240 0
Measure Number: 142
rest 480
rest 240
C5 253 240 0
D5 298 240 -1
F5 344 240 0
C4 116 240 0
D4 161 240 -1
F4 207 240 0
E4 253 240 0
B3 298 240 -1
D4 344 240 -1
E3 116 240 0
B2 161 240 -1
D3 207 240 -1
C3 253 240 0
rest 240
rest 240
Measure Number: 143
E5 14 240 0
B4 68 240 -1
D5 122 240 -1
rest 240
C5 230 120 0
D5 264 120 -1
C5 298 120 0
D5 332 120 -1
B4 286 240 -1
C4 14 240 0
D4 68 240 -1
F4 122 240 0
E4 176 240 0
E4 230 240 -1
D4 298 240 -1
Measure Number: 144
E5 15 240 -1
E5 60 240 -1
E5 104 240 -1
E5 148 240 -1
D5 193 120 -1
C5 220 120 0
B4 248 120 -1
C5 276 120 0
E4 15 240 -1
F4 60 240 0
A4 104 240 -1
D4 148 240 -1
A4 148 240 -1
F4 193 240 0
D4 248 240 -1
G4 248 240 0
D4 15 240 -1
C4 60 240 0
F3 104 240 0
B3 148 240 -1
B2 193 240 -1
E3 248 240 -1
E3 248 240 -1
Measure Number: 145
A4 15 240 -1
rest 240
rest 240
rest 480
rest 240
C4 15 240 0
E4 150 240 -1
F4 195 240 -1
A4 240 240 -1
A2 15 240 -1
rest 240
rest 240
E3 15 240 -1
F3 60 240 -1
A3 105 240 -1
G3 150 240 0
D3 195 240 -1
F3 240 240 -1
Measure Number: 146
E5 107 240 -1
F5 151 240 -1
A5 214 240 -1
G5 259 240 0
D5 307 240 -1
F5 352 240 -1
G4 107 240 0
A4 151 240 -1
C5 214 240 -1
B4 259 240 -1
B4 307 240 -2
A4 352 240 -1
E3 107 240 -1
rest 240
D4 214 240 0
E4 259 240 -1
F4 307 240 -1
A4 352 240 -1
Measure Number: 147
rest 240
E5 65 120 -1
F5 96 120 -1
E5 128 120 -1
F5 160 120 -1
G5 192 240 -1
G5 243 240 -1
G5 294 240 -1
D5 116 240 -1
G4 192 240 -1
C5 243 240 -1
B4 294 240 -1
G4 14 240 0
G4 65 240 -1
F4 128 240 -1
E4 192 240 -1
E4 243 240 -2
G4 243 240 -1
D4 294 240 -1
F4 294 240 -1
Measure Number: 148
G5 29 240 -1
F5 73 120 0
C5 101 120 0
E5 129 120 -1
D5 156 120 -1
B4 194 240 -1
rest 240
rest 240
A4 29 720 0
B4 194 240 -1
C4 29 240 0
E4 29 240 -1
F3 73 240 0
F4 129 240 0
B2 194 240 -1
F3 238 240 0
D4 238 240 -1
A2 282 240 -1
Measure Number: 149
rest 240
D5 56 120 -1
E5 81 120 -1
D5 106 120 -1
E5 131 120 -1
F5 156 240 0
F5 197 240 0
F5 237 240 0
G2 16 240 -1
D3 56 240 -1
G3 56 240 -1
B3 56 240 -1
G3 106 240 -1
B3 106 240 -1
D4 106 240 -1
D2 156 240 -1
F3 197 240 0
A3 197 240 -1
D4 197 240 -1
A3 237 240 -1
D4 237 240 -1
F4 237 240 0
Measure Number: 150
F5 111 240 0
E5 201 120 -1
B4 257 120 -1
D5 313 120 -1
C5 369 120 0
A4 425 240 0
C5 534 240 0
F5 624 240 0
E2 111 240 -1
E3 201 240 -1
B3 189 240 -1
C4 201 240 0
B3 301 240 -1
C4 313 240 0
G4 313 240 -1
F2 425 240 0
C4 534 240 0
F4 534 240 0
A4 534 240 0
A3 624 240 0
C4 624 240 0
F4 624 240 0
Measure Number: 151
E5 14 240 0
B4 128 240 -1
D5 223 240 -1
rest 240
C5 433 240 0
F5 529 240 0
F3 14 240 0
D4 128 240 -1
E4 140 240 0
G4 128 240 0
B3 223 240 -1
D4 223 240 -1
E4 235 240 0
F2 319 240 0
C4 433 240 0
F4 433 240 0
A4 433 240 0
A3 529 240 0
C4 529 240 0
F4 529 240 0
Measure Number: 152
F5 107 120 0
E5 156 120 0
B4 225 120 -1
C5 274 120 0
E5 324 120 -1
D5 373 120 -1
rest 240
C5 536 120 0
D5 586 120 -1
C5 636 120 0
D5 685 120 -1
F3 107 240 0
D4 225 240 -1
E4 237 240 0
G4 225 240 0
B3 324 240 -1
D4 324 240 -1
E4 336 240 0
F2 425 240 0
C4 536 240 0
E4 536 240 -1
G4 536 240 -1
G3 636 240 -1
B3 636 240 -1
E4 636 240 -1
Measure Number: 153
E5 12 240 -1
E5 118 240 -1
E5 202 240 -1
E5 287 240 -1
F5 391 120 0
C5 444 120 0
E5 497 120 -1
D5 550 120 -1
F3 12 240 0
E4 118 240 -1
G4 118 240 -1
B4 118 240 -1
C4 202 240 0
E4 202 240 -1
G4 202 240 -1
F2 287 240 0
E4 391 240 -1
A4 391 240 0
A3 497 240 0
E4 497 240 -1
F4 509 240 0
Measure Number: 154
B4 107 720 -1
G4 209 480 0
rest 240
B2 107 240 -1
B3 141 240 -1
D4 141 240 -1
F4 141 240 0
F3 175 240 0
B3 175 240 -1
D4 175 240 -1
C3 209 240 0
B3 237 240 -1
C4 249 240 0
E4 249 240 0
G3 283 240 0
B3 272 240 -1
C4 283 240 0
Measure Number: 155
rest 240
C5 69 240 0
F5 127 240 0
F5 185 90 0
E5 213 90 0
A4 251 90 0
B4 289 90 -1
B4 318 90 0
C5 343 90 0
E5 381 90 -1
D5 420 90 -1
F2 12 120 0
C3 41 120 0
A3 69 120 -1
F3 98 120 0
C4 127 120 0
A4 156 120 -1
F2 185 120 0
D3 230 120 -1
G3 272 120 0
E3 318 120 0
B3 360 120 -1
G4 402 120 0
Measure Number: 156
rest 90
C5 41 90 0
D5 83 90 -1
B4 124 90 0
C5 153 90 0
A5 181 90 -1
G5 223 90 0
F5 265 90 0
F5 293 120 0
E5 324 120 0
rest 69
A4 382 69 0
B4 421 69 -1
B4 450 69 0
C5 487 69 0
E5 517 69 -1
D5 557 69 -1
F2 13 120 0
C3 58 120 0
A3 107 120 -1
F3 153 120 0
C4 199 120 0
A4 247 120 -1
F2 293 120 0
D3 324 120 -1
G3 356 120 0
E3 404 120 0
B3 468 120 -1
G4 534 120 0
Measure Number: 157
rest 240
C5 185 80 0
D5 218 80 -1
C5 265 80 0
B4 298 80 0
C5 331 80 0
D5 378 80 -1
D5 412 72 0
E5 443 72 -1
C6 487 72 0
G5 518 72 0
B5 562 72 -1
A5 593 72 -1
C5 625 72 0
D5 668 72 -1
D5 700 72 0
E5 743 72 -1
F2 107 120 0
C3 146 120 0
A3 185 120 -1
F2 242 120 -1
C3 298 120 0
A3 355 120 -1
E2 412 120 -1
C3 469 120 0
A3 535 120 -1
E3 593 120 -1
C4 651 120 0
A4 717 120 -1
Measure Number: 158
E5 14 72 0
G5 43 72 0
F5 84 72 0
E5 115 72 -1
C5 156 72 0
E5 185 72 -1
D5 215 72 -1
F4 256 72 0
G4 286 72 0
E4 327 72 -1
A4 356 240 -1
rest 240
rest 240
E2 14 120 -1
D3 67 120 -1
G3 132 120 0
E3 185 120 -1
D4 239 120 -1
G4 303 120 0
A2 356 120 -1
E3 392 120 -1
C4 428 120 0
E3 465 120 -1
C4 501 120 0
A4 537 120 -1
Measure Number: 159
rest 480
rest 240
rest 240
E5 454 240 -1
A5 540 240 -1
A2 108 120 -1
F3 151 120 -1
C4 194 120 0
F3 238 120 -1
C4 281 120 0
A4 324 120 -1
A1 367 120 -1
E3 410 120 -1
C4 454 120 0
E3 497 120 -1
C4 540 120 0
A4 583 120 -1
Measure Number: 160
A5 15 80 -1
G5 51 80 0
B4 95 80 0
C5 131 80 0
D5 167 80 -1
D5 225 80 0
E5 261 80 -1
G5 296 80 -1
F5 345 80 -1
rest 120
E5 424 120 -1
F5 467 80 0
D5 503 80 0
E5 561 80 -1
C6 597 80 0
B5 632 80 -1
A5 680 80 0
A2 15 120 -1
F3 73 120 -1
D4 131 120 -1
B3 203 120 -1
G4 261 120 0
D5 319 120 -1
A2 380 120 -1
E3 424 120 -1
C4 467 120 0
A3 539 120 -1
E4 597 120 -1
C5 655 120 0
Measure Number: 161
A5 122 80 -1
G5 151 80 0
B4 186 80 0
C5 215 80 0
D5 244 80 -1
D5 293 80 0
E5 322 80 -1
G5 352 80 -1
F5 396 80 -1
rest 240
E5 495 80 -1
F5 526 80 0
E5 575 80 -1
D5 604 80 0
E5 633 80 -1
F5 676 80 0
A2 122 120 -1
F3 168 120 -1
D4 215 120 -1
B3 275 120 -1
G4 322 120 0
D5 370 120 -1
A2 425 120 -1
E3 460 120 -1
C4 495 120 0
A3 557 120 -1
E4 604 120 -1
C5 651 120 0
Measure Number: 162
G5 16 80 -1
G6 50 80 -1
F6 89 80 0
F6 125 80 -1
E6 157 80 -1
D6 196 80 -1
C6 228 80 0
B5 259 80 -1
A5 299 80 -1
G5 330 80 -1
F5 362 80 0
E5 401 80 0
E5 433 80 -1
D5 464 80 -1
B4 504 80 0
C5 535 80 0
E5 567 80 -1
D5 606 80 -1
E2 16 120 -1
B2 70 120 -1
G3 125 120 -1
E3 177 120 -1
B3 228 120 -1
G4 279 120 -1
F2 330 120 0
C3 381 120 0
A3 433 120 0
F3 484 120 0
E4 535 120 -1
A4 586 120 0
Measure Number: 163
C5 111 80 0
B4 142 80 -1
rest 80
rest 240
rest 240
rest 240
D5 441 80 -1
E5 472 80 -1
D5 512 80 -1
C5 543 80 0
D5 574 80 -1
E5 613 80 -1
B1 111 120 -1
F2 162 120 0
D3 212 120 -1
B2 250 120 -1
F3 289 120 0
D4 327 120 -1
G2 365 120 -1
D3 403 120 -1
B3 441 120 -1
G3 492 120 -1
D4 543 120 -1
B4 594 120 -1
Measure Number: 164
F5 15 80 0
F6 50 80 0
C6 93 80 0
E6 127 80 -1
D6 161 80 -1
A5 204 80 -1
F5 239 80 0
E5 273 80 -1
D5 316 80 -1
C5 353 40 -1
D5 374 40 -1
C5 396 40 -1
D5 417 40 -1
C5 439 40 -1
B4 458 40 -1
C5 480 80 -1
D5 514 80 -1
E5 557 80 -1
A4 591 80 0
C5 626 80 0
B4 669 80 -1
D2 15 120 -1
A2 71 120 -1
F3 127 120 0
D3 183 120 -1
A3 239 120 -1
F4 295 120 0
E2 351 120 -1
C3 415 120 -1
G3 480 120 -1
E2 536 120 0
D3 591 120 -1
G3 647 120 0
Measure Number: 165
A4 116 80 0
C5 147 80 0
E5 185 80 0
G5 216 80 -1
F5 247 80 0
A5 286 80 0
C6 317 80 0
F5 348 80 0
F6 386 80 0
E6 420 80 0
C6 451 80 0
E6 489 80 -1
D6 520 80 -1
B5 551 80 -1
G5 590 80 0
E5 621 80 0
D5 652 80 -1
B4 690 80 -1
F2 116 120 0
C3 166 120 0
A3 216 120 0
F3 266 120 0
C4 317 120 0
A4 367 120 0
F2 420 120 0
D3 470 120 -1
B3 520 120 -1
E3 570 120 0
D4 621 120 -1
G4 671 120 0
Measure Number: 166
A4 14 80 0
C5 44 80 0
E5 82 80 0
G5 112 80 -1
F5 142 80 0
A5 180 80 0
C6 210 80 0
F6 241 80 0
F7 279 80 0
E7 330 80 0
C7 360 80 0
E7 398 80 -1
D7 428 80 -1
B6 458 80 -1
G6 496 80 0
E6 528 80 0
D6 558 80 -1
B5 596 80 -1
F2 14 120 0
C3 63 120 0
A3 112 120 0
F3 161 120 0
C4 210 120 0
A4 260 120 0
F3 330 120 0
D4 379 120 -1
B4 428 120 -1
E4 477 120 0
D5 528 120 -1
G5 577 120 0
Measure Number: 167
A5 118 80 0
C6 152 80 0
E6 186 80 -1
F6 220 80 0
A6 254 80 -1
G6 290 80 -1
E6 324 80 -1
C6 359 80 0
A5 393 80 0
G5 427 80 -1
E5 461 80 -1
C5 495 80 0
A4 546 80 0
B4 580 80 -1
B4 614 80 0
C5 648 80 0
D5 682 80 -1
B4 718 80 -1
F4 118 240 0
C5 118 240 0
rest 240
rest 240
rest 240
C4 546 80 0
D4 580 80 -1
D4 614 80 0
E4 648 80 -1
E4 682 80 0
D4 718 80 -1
Measure Number: 168
A4 14 80 0
C5 45 80 0
E5 77 80 -1
F5 109 80 0
A5 143 80 -1
G5 175 80 -1
E5 207 80 -1
C5 239 80 0
A4 271 80 0
G4 303 80 -1
E4 335 80 -1
C4 367 80 0
A3 400 80 0
B3 432 80 -1
B3 466 80 0
C4 497 80 0
D4 529 80 -1
B3 563 80 -1
C4 14 240 0
F4 14 240 0
F3 109 240 0
E4 109 240 -1
rest 240
rest 240
C3 400 80 0
D3 432 80 -1
D3 466 80 0
E3 497 80 -1
E3 529 80 0
D3 563 80 -1
Measure Number: 169
A3 120 80 0
B3 156 80 -1
B3 191 80 0
C4 227 80 0
D4 263 80 -1
B3 299 80 -1
A3 334 80 0
B3 370 80 -1
B3 406 80 0
C4 442 80 0
D4 477 80 -1
B3 513 80 -1
A3 549 80 0
B3 585 80 -1
B3 621 80 0
C4 656 80 0
D4 692 80 -1
B3 728 80 -1
F2 120 240 0
C3 120 240 2
F3 120 240 0
D3 227 240 -1
E3 239 240 0
C3 334 240 2
F3 334 240 0
D3 442 240 -1
E3 454 240 0
C3 549 240 2
F3 549 240 0
D3 656 240 -1
E3 668 240 0
Measure Number: 170
A3 17 80 0
C4 49 80 0
E4 80 80 -1
F4 111 80 0
C5 142 80 0
A4 173 80 -1
G4 205 80 0
G4 236 80 -1
F4 267 80 0
F4 298 80 -1
E4 330 80 -1
D4 361 80 0
D4 392 80 -1
C4 423 80 0
C4 459 80 -1
B3 491 80 -1
A3 522 80 0
A3 553 80 -1
C3 17 240 0
E3 17 240 -1
rest 240
rest 240
rest 480
rest 240
F2 17 240 0
rest 240
rest 240
rest 480
rest 240
Measure Number: 171
G3 107 80 0
G3 137 80 -1
F3 160 80 0
F3 191 80 -1
E3 214 80 -1
D3 242 80 0
D3 273 80 -1
C3 296 80 0
C3 326 80 -1
B2 349 80 -1
A2 378 80 0
A2 408 80 -1
G2 436 80 0
G2 467 80 -1
F2 495 80 0
F2 525 80 -1
E2 548 80 -1
E2 592 80 -2
Measure Number: 172
rest 480
F5 129 240 0
F5 196 720 0
F4 129 240 0
A4 129 240 -1
F4 196 720 0
A4 196 720 -1
D2 15 80 -1
A2 36 80 -1
B2 55 80 -1
C3 73 80 0
D3 92 80 -1
E3 110 80 -1
F3 129 80 0
G3 159 80 -1
A3 178 80 -1
B3 196 80 -1
A3 215 80 -1
B3 233 80 -1
C4 254 80 0
D4 279 80 -1
E4 304 80 -1
F4 322 240 0
Measure Number: 173
D5 15 480 -1
B4 133 240 -1
B4 202 480 -1
A4 334 240 -1
F4 15 480 0
F4 133 240 0
C4 202 480 0
G4 202 480 -1
D2 15 80 -1
A2 36 80 -1
B2 56 80 -1
C3 75 80 0
D3 94 80 -1
E3 114 80 -1
F3 133 80 0
G3 163 80 -1
A3 183 80 -1
B3 202 80 -1
A3 221 80 -1
C4 241 80 0
D4 265 80 -1
E4 290 80 -1
F4 315 80 0
G4 322 240 -1
Measure Number: 174
A4 130 480 -1
F5 260 240 0
D5 333 480 -1
B5 485 240 -1
G4 118 240 -1
F4 195 240 0
E4 260 240 -1
A4 260 240 -1
D4 333 480 -1
A4 333 480 -1
C5 473 240 -1
D5 485 240 -1
D2 130 80 -1
A2 152 80 -1
B2 173 80 -1
C3 195 80 0
D3 216 80 -1
E3 238 80 -1
F3 260 80 0
G3 290 80 -1
A3 312 80 -1
B3 333 80 -1
A3 355 80 -1
B3 376 80 -1
C4 411 80 -1
D4 435 80 -1
E4 460 80 -1
F4 485 240 0
Measure Number: 175
B5 28 240 -1
A5 91 240 -1
G5 154 240 0
A5 220 720 -1
C5 16 240 -1
D5 28 240 -1
C5 79 240 -1
D5 91 240 -1
C5 142 240 -1
D5 154 240 -1
C5 208 720 -1
D5 220 720 -1
D2 28 80 -1
A2 49 80 -1
D3 70 80 -1
F3 91 80 0
A3 112 80 -1
D4 133 80 -1
A3 154 80 -1
F4 175 80 0
D4 199 80 -1
A3 220 80 -1
A4 241 80 -1
F4 266 80 0
D4 291 80 -1
A3 312 80 -1
F3 333 80 0
D3 354 80 -1
A2 375 80 -1
A3 396 80 -1
Measure Number: 176
A5 16 480 -1
D5 140 240 -1
D5 203 720 -1
F4 16 480 0
C5 16 480 -1
F4 140 240 0
C5 128 240 -1
F4 203 720 0
C5 191 720 -1
D2 16 80 -1
A2 37 80 -1
D3 57 80 -1
A3 78 80 -1
D3 99 80 -1
A2 120 80 -1
D3 140 80 -1
A3 161 80 -1
D4 182 80 -1
A3 203 80 -1
D3 223 80 -1
A3 244 80 -1
D4 265 80 -1
A4 289 80 -1
D4 314 80 -1
A3 335 80 -1
D3 356 80 -1
A3 376 80 -1
Measure Number: 177
D5 119 720 -1
D5 395 480 -1
G5 570 240 -1
F4 119 720 0
C5 107 720 -1
G4 395 480 -1
C5 383 480 -1
G4 570 240 -1
B4 570 240 -1
D4 119 80 -1
A3 149 80 -1
D3 179 80 -1
A2 210 80 -1
D3 240 80 -1
A3 270 80 -1
D3 300 80 -1
A2 331 80 -1
D2 361 80 -1
G1 395 120 -1
D3 436 120 -1
D4 477 80 -1
G3 509 80 -1
D3 539 80 -1
B3 570 80 -1
G3 600 80 -1
D3 630 80 -1
Measure Number: 178
G5 16 240 -1
B4 167 160 -1
C5 320 160 0
D5 465 160 -1
G5 611 160 -1
G5 16 80 -1
G4 56 80 -1
C5 98 80 0
B3 133 80 -1
B4 167 80 -1
E4 209 80 -1
G4 244 80 -1
B3 278 80 -1
C5 320 80 0
G4 354 80 -1
B4 389 80 -1
D4 431 80 -1
D5 465 80 -1
G4 500 80 -1
B4 542 80 -1
G4 576 80 -1
G5 611 80 -1
B4 653 80 -1
E2 16 120 -1
B2 77 120 -1
E3 133 120 -1
G3 188 120 -1
E3 244 120 -1
B2 299 120 -1
E2 354 120 -1
B2 410 120 -1
E3 465 120 -1
B3 521 120 -1
E3 576 120 -1
B2 632 120 -1
Measure Number: 179
F5 250 160 0
F5 521 240 0
E5 792 160 -1
C5 1079 160 0
B4 1206 160 -1
D5 107 80 -1
G4 171 80 -1
F5 250 80 0
B4 314 80 -1
D5 378 80 -1
G4 457 80 -1
F5 521 80 0
A4 585 80 -1
C5 665 80 0
G4 728 80 -1
E5 792 80 -1
A4 872 80 -1
C5 936 80 0
E4 999 80 -1
C5 1079 80 0
G4 1143 80 -1
B4 1206 80 -1
C4 1286 80 0
A2 107 120 -1
E3 210 120 -1
G3 314 120 -1
D4 418 120 -1
G3 521 120 -1
E3 625 120 -1
A2 728 120 -1
E3 832 120 -1
G3 936 120 -1
C4 1039 120 0
G3 1143 120 -1
A2 1246 120 -1
Measure Number: 180
B3 123 240 -1
B4 123 240 -1
A3 184 240 -1
A4 184 240 -1
F5 249 240 0
A5 249 240 -1
F6 249 240 0
F5 323 480 0
A5 323 480 -1
F6 323 480 0
D5 463 240 -1
A5 463 240 -1
D6 463 240 -1
F4 107 480 0
D2 119 80 -1
A2 141 80 -1
B2 162 80 -1
C3 184 80 0
D3 206 80 -1
E3 228 80 -1
F3 249 80 0
G3 280 80 -1
A3 301 80 -1
B3 323 80 -1
A3 345 80 -1
B3 367 80 -1
C4 388 80 0
D4 413 80 -1
E4 438 80 -1
F4 463 240 0
Measure Number: 181
D5 15 240 -1
F5 15 240 0
D6 15 240 -1
F4 84 240 0
D5 152 240 -1
B5 152 240 -1
G5 228 480 -1
B5 228 480 -1
C5 382 240 0
A5 382 240 -1
C5 228 240 0
B4 298 240 -1
A4 382 240 -1
D2 15 80 -1
A2 38 80 -1
B2 61 80 -1
C3 84 80 0
D3 106 80 -1
E3 129 80 -1
F3 152 80 0
G3 182 80 -1
A3 205 80 -1
B3 228 80 -1
A3 251 80 -1
C4 274 80 0
D4 298 80 -1
E4 323 80 -1
F4 348 80 0
G4 382 240 -1
Measure Number: 182
A4 31 480 -1
F5 31 480 0
A5 31 480 -1
F5 146 240 0
A5 146 240 -1
F6 146 240 0
D5 220 480 -1
A5 220 480 -1
D6 220 480 -1
G5 371 240 0
D6 371 240 -1
B6 371 240 -1
E5 15 240 -1
D5 81 240 -1
D2 15 80 -1
A2 37 80 -1
B2 59 80 -1
C3 81 80 0
D3 103 80 -1
E3 124 80 -1
F3 146 80 0
G3 177 80 -1
A3 198 80 -1
B3 220 80 -1
A3 242 80 -1
B3 264 80 -1
C4 286 80 0
D4 311 80 -1
E4 335 80 -1
F4 371 240 -1
Measure Number: 183
B5 111 240 -1
E6 111 240 -1
B6 111 240 -1
A5 170 240 -1
E6 170 240 -1
A6 170 240 -1
G5 262 240 0
E6 262 240 -1
G6 262 240 0
A5 322 480 -1
E6 322 480 -1
A6 322 480 -1
A4 476 240 -1
A5 476 240 -1
C2 111 80 0
C3 131 80 0
E3 150 80 -1
A3 170 80 -1
E3 190 80 -1
A3 210 80 -1
C4 262 80 0
E4 282 80 -1
A4 302 80 -1
E4 322 80 -1
E5 342 80 -1
A4 362 80 -1
E4 381 80 -1
C4 401 80 0
A3 426 80 -1
E3 476 80 -1
C3 496 80 0
A2 515 80 -1
Measure Number: 184
A4 20 480 -1
E5 20 480 -1
A5 20 480 -1
A4 118 240 -1
D5 118 240 -1
D5 177 480 -1
D5 306 240 -1
G5 306 240 -1
A4 177 240 -1
G4 247 240 0
G4 306 240 -1
C2 20 240 -1
C3 58 80 -1
D3 78 80 -1
F3 97 80 0
D4 118 80 -1
F3 138 80 0
D3 157 80 -1
B2 177 80 -1
D3 197 80 -1
G3 227 80 -1
E4 247 80 -1
G3 267 80 -1
D3 286 80 -1
D4 306 80 -1
G3 325 80 -1
D3 345 80 -1
Measure Number: 185
F4 28 480 0
C5 16 480 -1
D5 28 480 -1
F5 28 480 0
C5 148 240 -1
D5 160 240 -1
F5 160 240 0
C6 160 240 -1
C5 219 480 -1
D5 231 480 -1
G5 231 480 -1
C6 231 480 -1
B4 375 240 -1
D5 375 240 -1
B5 375 240 -1
A2 28 80 -1
D3 48 80 -1
F3 68 80 0
C4 100 80 0
F3 120 80 0
D3 140 80 -1
D4 160 80 -1
F3 180 80 0
D3 200 80 -1
G2 231 80 -1
D3 251 80 -1
G3 281 80 -1
E4 301 80 -1
G3 321 80 -1
D3 341 80 -1
F4 375 80 -1
G3 395 80 -1
D3 416 80 -1
Measure Number: 186
B4 119 480 -1
D5 107 480 -1
E5 119 480 -1
B5 119 480 -1
E4 253 240 -1
B4 253 240 -1
D5 241 240 -1
E5 253 240 -1
E4 341 480 -1
C5 341 480 0
E5 341 480 -1
A4 462 240 -1
E5 462 240 -1
A5 462 240 -1
B4 325 240 -1
B4 398 240 -2
A4 462 240 -1
G2 119 80 0
D3 140 80 -1
E3 161 80 -1
A3 189 80 0
E3 210 80 -1
D3 232 80 -1
B3 253 80 -1
E3 274 80 -1
D3 295 80 -1
A2 325 80 -1
E3 347 80 -1
A3 377 80 -1
F4 398 80 0
A3 419 80 -1
E3 440 80 -1
E4 462 80 -1
A3 483 80 -1
E3 504 80 -1
Measure Number: 187
A4 28 240 -1
A5 28 240 -1
G4 85 240 0
G5 85 240 0
D5 135 240 -1
E5 147 240 -1
G5 147 240 0
D6 147 240 -1
D5 197 480 -1
E5 209 480 -1
A5 209 480 -1
D6 209 480 -1
C5 333 240 0
E5 333 240 -1
A5 333 240 -1
C6 333 240 0
D5 12 480 -1
E5 23 480 -1
B2 23 80 -1
E3 44 80 -1
G3 65 80 0
D4 85 80 -1
G3 106 80 0
E3 127 80 -1
E4 147 80 -1
G3 168 80 0
E3 189 80 -1
A2 209 80 -1
D3 230 80 -1
A3 251 80 -1
E4 271 80 -1
A3 292 80 -1
E3 313 80 -1
A4 333 80 -1
E4 358 80 -1
A3 379 80 -1
Measure Number: 188
C5 20 240 0
G5 20 240 -1
C6 20 240 0
B4 92 240 -1
D5 92 240 -1
G5 92 240 -1
B5 92 240 -1
G4 155 240 -1
D5 155 240 -1
G5 155 240 -1
D4 219 240 -1
G4 219 240 -1
D5 219 240 -1
B3 275 360 -1
D4 275 360 -1
B4 275 360 -1
A3 376 120 -1
D4 376 120 -1
A4 376 120 -1
B2 20 80 -1
D3 41 80 -1
G3 71 80 -1
B3 92 80 -1
G3 113 80 -1
D3 134 80 -1
D4 155 80 -1
G3 177 80 -1
D3 198 80 -1
B1 219 120 -1
G2 249 120 -1
D3 275 80 -1
G2 296 80 -1
D3 317 80 -1
G2 338 80 -1
D3 359 80 -1
G2 394 80 -1
Measure Number: 189
A3 111 480 -1
D4 111 480 -1
A4 111 480 -1
G3 234 240 -1
D4 234 240 -1
G4 234 240 -1
G3 300 240 -1
D4 300 240 -1
G4 300 240 -1
F3 354 360 0
D4 354 360 -1
F4 354 360 0
G3 459 120 -1
D4 459 120 -1
G4 459 120 -1
B1 111 120 -1
G2 141 120 -1
D3 168 80 -1
G2 190 80 -1
D3 212 80 -1
G2 234 80 -1
D3 256 80 -1
G2 278 80 -1
B1 300 120 -1
G2 327 120 -1
D3 354 80 -1
G2 376 80 -1
D3 398 80 -1
G2 420 80 -1
D3 442 80 -1
G2 476 80 -1
Measure Number: 190
G3 17 480 0
D4 17 480 -1
F4 17 480 0
G4 29 480 0
G3 141 240 0
F4 141 240 0
G4 153 240 0
A3 206 480 -1
F4 206 480 0
A4 206 480 -1
A3 336 240 0
F4 336 240 0
A4 336 240 0
B1 17 120 -1
F2 47 120 0
D3 76 80 -1
F2 98 80 0
D3 119 80 -1
F2 141 80 0
D3 163 80 -1
F2 184 80 0
C2 206 120 0
F2 235 120 0
C3 265 80 0
D3 287 80 -1
D3 315 80 0
E3 336 80 -1
E3 365 80 0
F3 386 80 0
Measure Number: 191
C4 15 480 0
F4 15 480 0
C5 15 480 0
B3 147 240 -1
F4 147 240 0
B4 147 240 -1
D4 220 240 -1
G4 220 240 0
D5 220 240 -1
B3 279 240 0
G4 279 240 0
B4 279 240 0
C4 360 240 0
G4 360 240 0
C5 360 240 0
D2 15 120 -1
B2 45 120 -1
C3 75 80 0
D3 97 80 -1
D3 125 80 0
E3 147 80 -1
E3 176 80 0
F3 198 80 0
E2 220 120 -1
C3 250 120 0
D3 279 80 0
E3 310 80 -1
E3 338 80 0
F3 360 80 0
F3 391 80 1
G3 414 80 0
Measure Number: 192
E4 107 480 -1
A4 107 480 -1
E5 107 480 -1
D4 237 240 -1
A4 237 240 -1
D5 237 240 -1
rest 240
D4 351 240 1
C5 351 240 0
D5 363 240 1
E4 421 240 0
C5 421 240 0
E5 421 240 0
A2 107 120 -1
D3 133 120 -1
E3 159 80 -1
E3 187 80 0
F3 206 80 0
F3 237 80 1
G3 257 80 0
A3 276 80 -1
G2 295 120 0
E3 323 120 0
F3 351 80 0
F3 383 80 1
G3 402 80 0
A3 421 80 -1
A3 449 80 0
B3 468 80 -1
Measure Number: 193
C5 20 80 0
E5 55 80 -1
D5 85 80 -1
F4 16 240 0
F5 16 240 0
B4 106 240 -1
D5 106 240 -1
B5 106 240 -1
A4 171 240 -1
F5 171 240 0
A5 171 240 -1
G4 232 480 -1
C5 232 480 0
A5 232 480 -1
G4 373 240 -1
C5 373 240 0
G5 373 240 0
A2 16 80 -1
F3 55 80 0
A3 85 80 -1
D4 106 80 -1
A3 126 80 -1
F4 147 80 0
D4 171 80 -1
A3 192 80 -1
F3 212 80 0
A1 232 80 -1
A2 253 80 -1
E3 274 80 -1
C4 294 80 0
A3 314 80 -1
G4 349 80 -1
C4 373 80 0
A3 394 80 -1
E3 414 80 -1
Measure Number: 194
F4 15 240 0
D5 15 240 -1
F5 15 240 0
rest 80
F4 82 80 0
A4 101 80 -1
F5 149 80 0
F5 168 80 0
A5 188 80 -1
F6 212 80 0
A5 237 80 -1
F5 263 80 0
F5 292 80 0
A4 311 80 -1
F4 331 80 0
F4 350 80 0
A3 369 80 -1
F3 394 80 0
D2 15 180 -1
A2 45 60 -1
D3 62 80 -1
D3 82 80 -1
A3 101 80 -1
D4 149 80 -1
D4 168 80 -1
A4 188 80 -1
D5 212 80 -1
A4 237 80 -1
D4 263 80 -1
D4 292 80 -1
A3 311 80 -1
D3 331 80 -1
D3 350 80 -1
A2 369 80 -1
D2 394 80 -1
Measure Number: 195
F4 111 80 0
F3 143 80 0
A3 177 80 0
F4 223 80 0
F4 255 80 0
A4 288 80 0
F5 336 80 0
F5 369 80 0
A5 402 80 0
F6 434 80 0
A5 467 80 0
F5 499 80 0
F5 542 80 0
A4 575 80 0
F4 607 80 0
F4 640 80 0
A3 672 80 0
F3 705 80 0
D2 111 180 -1
A2 194 60 0
D3 223 80 -1
D3 255 80 -1
A3 288 80 0
D4 336 80 -1
D4 369 80 -1
A4 402 80 0
D5 434 80 -1
A4 467 80 0
D4 499 80 -1
D4 542 80 -1
A3 575 80 0
D3 607 80 -1
D3 640 80 -1
A2 672 80 0
D2 705 80 -1
Measure Number: 196
F4 15 80 0
F3 46 80 0
B3 77 80 -1
F4 121 80 0
F4 152 80 0
B4 183 80 -1
F5 231 80 0
F5 262 80 0
B5 293 80 -1
F6 323 80 0
B5 354 80 -1
F5 385 80 0
F5 426 80 0
B4 456 80 -1
F4 487 80 0
F4 518 80 0
B3 549 80 -1
F3 580 80 0
D2 15 180 -1
B2 94 60 -1
D3 121 80 -1
D3 152 80 -1
B3 183 80 -1
D4 231 80 -1
D4 262 80 -1
B4 293 80 -1
D5 323 80 -1
B4 354 80 -1
D4 385 80 -1
D4 426 80 -1
B3 456 80 -1
B2 487 80 -1
D3 518 80 -1
B2 549 80 -1
D2 580 80 -1
Measure Number: 197
G4 116 80 0
G3 149 80 0
B3 183 80 0
G4 230 80 0
F4 263 80 0
B4 297 80 0
G5 345 80 0
F5 378 80 0
B5 412 80 0
G6 445 80 0
B5 479 80 0
F5 512 80 0
G5 556 80 0
B4 589 80 0
F4 623 80 0
G4 656 80 0
B3 690 80 0
F3 723 80 0
D2 116 180 -1
G2 200 60 0
D3 230 80 -1
D3 263 80 -1
G3 297 80 0
D4 345 80 -1
D4 378 80 -1
G4 412 80 0
D5 445 80 -1
G4 479 80 0
D4 512 80 -1
D4 556 80 -1
G3 589 80 0
D3 623 80 -1
D3 656 80 -1
G2 690 80 0
D2 723 80 -1
Measure Number: 198
A3 15 240 -1
C4 15 240 0
F4 15 240 0
A4 15 240 -1
F4 283 80 0
A4 317 80 -1
B4 352 80 0
C5 386 80 0
F5 420 80 0
A5 454 80 -1
B5 489 80 0
C6 523 80 0
F6 557 80 0
C4 386 80 0
F4 420 80 0
A4 454 80 -1
B4 489 80 0
C5 523 80 0
F5 557 80 0
C2 15 240 0
C3 15 240 0
rest 80
C3 99 80 0
F3 133 80 0
A3 180 80 -1
B3 215 80 0
C4 249 80 0
C2 64 180 0
F2 150 60 0
A2 180 80 -1
B2 215 80 0
C3 249 80 0
F3 283 80 0
A3 317 80 -1
B3 352 80 0
Measure Number: 199
A6 111 240 -1
F4 166 240 0
A4 166 240 -1
D5 166 240 -1
F5 166 240 0
D4 221 240 -1
A4 221 240 -1
D5 221 240 -1
G4 276 240 -1
D5 276 240 -1
G5 276 240 -1
E4 332 240 0
G4 332 240 0
C5 332 240 0
E5 332 240 0
C5 387 240 0
G5 387 240 0
C6 387 240 0
A5 111 240 -1
rest 240
D3 166 240 -1
A3 166 240 -1
D4 166 240 -1
C3 221 240 -1
F3 221 240 0
A3 221 240 -1
C4 221 240 -1
B2 276 240 -1
D3 276 240 -1
G3 276 240 -1
B3 276 240 -1
C3 332 240 0
G3 332 240 0
C4 332 240 0
B2 387 240 -1
E3 387 240 0
G3 387 240 0
B3 387 240 -1
Measure Number: 200
C5 15 240 0
F5 15 240 0
C6 15 240 0
F4 260 80 0
A4 291 80 -1
B4 322 80 0
C5 353 80 0
F5 384 80 0
A5 415 80 -1
B5 448 80 0
C6 479 80 0
F6 510 80 0
C4 353 80 0
F4 384 80 0
A4 415 80 -1
B4 448 80 0
C5 479 80 0
F5 510 80 0
A2 15 240 -1
F3 15 240 0
A3 15 240 -1
rest 80
C3 91 80 0
F3 122 80 0
A3 166 80 -1
B3 197 80 0
C4 228 80 0
C2 60 180 0
F2 139 60 0
A2 166 80 -1
B2 197 80 0
C3 228 80 0
F3 260 80 0
A3 291 80 -1
B3 322 80 0
Measure Number: 201
A6 15 240 -1
F4 73 240 0
A4 73 240 -1
D5 73 240 -1
F5 73 240 0
F3 131 240 0
A3 131 240 -1
D4 131 240 -1
F4 131 240 0
G3 189 240 -1
D4 189 240 -1
G4 189 240 -1
G3 247 240 0
C4 247 240 0
E4 247 240 0
C4 304 240 0
G4 304 240 0
C5 304 240 0
A5 15 240 -1
rest 240
D3 73 240 -1
A3 73 240 -1
D4 73 240 -1
C2 131 240 -1
C3 131 240 -1
B1 189 240 -1
B2 189 240 -1
C2 247 240 0
C3 247 240 0
B1 304 240 -1
B2 304 240 -1
Measure Number: 202
C4 111 240 0
F4 111 240 0
C5 111 240 0
D4 174 240 0
F4 174 240 0
B4 174 240 0
D5 174 240 0
D4 238 240 1
F4 238 240 1
B4 238 240 0
D5 238 240 1
F4 303 240 1
A4 303 240 1
C5 303 240 1
F5 303 240 1
B4 367 240 0
F5 367 240 1
B5 367 240 0
G4 431 240 1
B4 431 240 0
E5 431 240 1
G5 431 240 1
A1 111 240 -1
A2 111 240 -1
G1 174 240 0
G2 174 240 0
F1 238 240 1
F2 238 240 1
E1 303 240 0
E2 303 240 0
D1 367 240 0
D2 367 240 1
D2 431 240 0
D3 431 240 0
Measure Number: 203
A4 45 240 1
C5 45 240 1
F5 45 240 1
A5 45 240 1
C5 105 240 1
E5 105 240 1
G5 105 240 1
C6 105 240 1
F5 166 240 1
C6 166 240 1
F6 166 240 1
E5 227 240 0
G5 227 240 0
C6 227 240 1
E6 227 240 0
F5 287 240 0
C6 287 240 0
F6 287 240 0
D5 348 240 -1
F5 336 240 0
G5 348 240 0
D6 348 240 -1
C2 45 240 1
C3 45 240 1
B1 105 240 0
B2 105 240 0
A1 166 240 1
A2 166 240 1
A1 227 240 0
A2 227 240 0
A1 287 240 -1
A2 287 240 -1
B1 348 240 -1
B2 348 240 -1
Measure Number: 204
C5 25 240 0
F5 14 240 0
G5 25 240 0
C6 25 240 0
rest 240
rest 240
C4 120 240 0
D4 152 240 -1
F4 184 240 0
C2 25 240 0
C3 25 240 0
rest 240
rest 240
C3 120 240 0
D3 152 240 -1
F3 184 240 0
Measure Number: 205
G3 17 240 0
C4 17 240 0
E4 17 240 0
G4 17 240 0
F3 60 240 0
G3 72 240 0
B3 60 240 0
D4 60 240 0
G4 60 240 0
G3 96 240 0
C4 96 240 0
E4 96 240 0
G4 96 240 0
rest 240
rest 480
C2 17 240 0
C3 17 240 0
G1 60 240 0
G2 60 240 0
C1 96 240 0
C2 96 240 0
rest 240
rest 480
Measure Number: 206
C5 119 1440 0
G5 119 1440 0
C6 119 1440 0
C3 119 1440 0
G3 119 1440 0
E4 119 1440 0
Measure Number: 207
F4 12 1440 0
G4 25 1440 0
B4 25 1440 0
D5 25 1440 0
G5 25 1440 0
C3 25 1440 0
G3 25 1440 0
D4 25 1440 0
Measure Number: 208
E4 24 1440 0
G4 24 1440 0
B4 24 1440 -1
E5 24 1440 0
C3 24 1440 0
G3 24 1440 0
C4 24 1440 0
Measure Number: 209
D4 16 1440 0
F4 16 1440 0
D5 16 1440 0
C3 16 1440 0
G3 16 1440 0
B3 16 1440 -1
Measure Number: 210
G3 17 1440 0
C4 17 1440 0
E4 17 1440 0
C2 17 1440 0
C3 17 1440 0
Measure Number: 211
G3 15 1440 0
C4 15 1440 0
E4 15 1440 0
C2 15 1440 0
C3 15 1440 0
Measure Number: 212
G3 15 1440 0
C4 15 1440 0
E4 15 1440 0
C2 15 1440 0
C3 15 1440 0
Measure Number: 213
G3 15 480 0
C4 15 480 0
E4 15 480 0
rest 240
rest 480
rest 240
C2 15 480 0
C3 15 480 0
rest 240
rest 480
rest 240
Measure Number: 214
A3 15 80 -1
C4 44 80 0
A4 44 80 -1
F4 72 80 0
G3 101 80 0
A3 134 80 -1
B3 146 80 0
A3 171 80 -1
D4 199 80 -1
B3 233 80 -1
C4 245 80 0
G4 262 80 0
C4 291 80 0
F4 319 80 0
B4 319 80 -1
A4 348 80 -1
G4 376 80 0
A3 408 80 0
B3 444 80 -1
F4 444 80 0
D4 472 80 -1
B3 500 80 -1
C4 512 80 0
G4 529 80 0
F1 15 240 0
D3 101 80 -1
D2 134 80 -1
G2 171 80 0
C2 199 80 0
E3 233 80 0
C3 262 80 0
A3 291 80 -1
C3 319 80 0
F2 348 80 0
D3 376 120 -1
D2 426 120 -1
C2 472 80 0
E3 500 80 0
C3 529 80 0
Measure Number: 215
A4 145 160 -1
A4 215 160 -1
A4 283 80 -1
A4 324 120 -1
D5 447 40 -1
D5 474 80 -1
C5 508 80 0
B4 542 80 0
B4 576 80 -1
A4 611 80 0
A4 645 80 -1
A4 679 80 -1
G4 718 80 0
C5 752 80 0
A3 111 80 -1
E4 145 80 -1
D4 179 80 -1
E4 201 0 -1
D4 215 80 -1
C4 249 80 0
G4 295 80 -1
G4 345 80 -1
F4 383 80 0
rest 80
D4 474 80 -1
F4 508 80 0
D4 542 80 -1
F4 576 80 0
D4 611 80 -1
F4 645 80 0
B3 679 80 -1
E4 718 80 0
C4 752 80 0
F2 111 80 0
F3 145 80 0
A2 179 80 -1
E2 215 80 -1
G3 249 80 -1
A2 283 80 -1
D2 324 80 -1
F3 383 80 0
A2 426 80 -1
G2 474 80 0
A2 508 80 -1
A2 542 80 0
B2 576 80 -1
B2 611 80 0
C3 645 80 0
D3 679 80 -1
C3 718 80 0
rest 80
Measure Number: 216
A4 12 80 -1
C5 40 80 0
A5 40 80 -1
F5 69 80 0
G4 98 80 0
A4 126 80 -1
B4 138 80 0
F4 167 80 0
D5 195 80 -1
B4 226 80 -1
C5 238 80 0
G5 266 80 0
C5 295 80 0
F5 324 80 0
B5 324 80 -1
A5 353 80 -1
G5 382 80 0
A4 410 80 0
B4 446 80 -1
F5 446 80 0
D5 475 80 -1
B4 492 80 -1
C5 504 80 0
G5 533 80 0
F2 12 240 0
D4 98 80 -1
D3 138 80 -1
G3 167 80 0
C3 195 80 0
E4 238 80 0
C4 266 80 0
A4 295 80 -1
C4 324 80 0
F3 353 80 0
D4 382 120 -1
D3 428 120 -1
C3 475 80 0
E4 504 80 0
C4 533 80 0
Measure Number: 217
A5 130 160 -1
A5 192 160 -1
A5 249 80 -1
A5 290 120 -1
D6 401 40 -1
D6 428 80 -1
C6 452 80 0
B5 486 80 0
B5 522 80 -1
A5 555 80 0
A5 591 80 -1
A5 618 80 -1
G5 657 80 0
C6 680 80 0
A4 107 80 -1
E5 130 80 -1
D5 157 80 -1
E5 179 0 -1
D5 192 80 -1
C5 226 80 0
G5 261 80 -1
G5 311 80 -1
F5 349 80 0
rest 80
D5 428 80 -1
F5 452 80 0
D5 486 80 -1
F5 522 80 0
D5 555 80 -1
F5 591 80 0
B4 618 80 -1
E5 657 80 0
C5 680 80 0
F3 107 80 0
F4 130 80 0
F3 157 80 0
E3 192 80 -1
G4 226 80 -1
A3 249 80 -1
D3 290 80 -1
F4 349 80 0
A3 384 80 -1
G3 428 80 0
A3 452 80 -1
A3 486 80 0
B3 522 80 -1
B3 555 80 0
C4 591 80 0
D4 618 80 -1
C4 657 80 0
rest 80
Measure Number: 218
A5 22 240 -1
G5 326 240 -1
B4 22 80 0
D5 22 80 0
C5 49 80 0
E5 49 80 -1
C5 89 80 1
E5 89 80 0
D5 119 80 0
F5 119 80 0
D5 162 80 1
F5 162 80 1
E5 187 80 0
G5 187 80 0
F5 219 80 0
A5 219 80 -1
E5 244 80 0
G5 244 80 0
B5 289 80 -1
D6 289 80 -1
A4 326 80 0
C5 326 80 0
B4 377 80 -1
D5 377 80 -1
B4 414 80 0
D5 414 80 0
C5 444 80 0
E5 444 80 -1
C5 484 80 1
E5 484 80 0
D5 509 80 0
F5 509 80 0
E5 551 80 -1
G5 551 80 -1
D5 575 80 0
F5 575 80 0
A5 620 80 -1
C6 620 80 -1
F3 22 80 0
A4 49 80 -1
D4 89 80 0
B3 119 80 0
A4 162 80 -1
D4 187 80 0
E3 219 80 0
G4 244 80 0
D4 289 80 -1
E3 326 80 -1
G4 377 80 -1
C4 414 80 0
A3 444 80 0
G4 484 80 -1
C4 509 80 0
D3 551 80 0
F4 575 80 0
C4 620 80 -1
Measure Number: 219
G4 118 80 0
B4 118 80 -1
G4 168 80 1
B4 168 80 0
A4 204 80 0
C5 204 80 0
B4 241 80 -1
D5 241 80 -1
B4 278 80 0
D5 278 80 0
C5 315 80 0
E5 315 80 -1
C5 355 80 1
E5 355 80 0
D5 391 80 0
F5 391 80 0
D5 435 80 1
F5 435 80 1
E5 471 80 0
G5 471 80 0
F5 515 80 1
A5 515 80 0
E5 552 80 0
G5 552 80 0
D5 588 80 1
F5 588 80 1
E5 625 80 0
G5 625 80 0
F5 662 80 1
A5 662 80 0
G5 698 80 0
B5 698 80 -1
A5 743 80 -1
C6 743 80 0
B5 779 80 -1
D6 779 80 -1
E5 118 240 -1
D3 118 80 -1
E4 168 80 0
B3 204 80 -1
G3 241 80 0
E4 278 80 0
B3 315 80 -1
C3 355 80 0
E4 391 80 0
B3 435 80 -1
B2 471 80 0
E4 515 80 0
B3 552 80 0
G3 588 80 0
E4 625 80 0
B3 662 80 -1
B2 698 80 -1
E4 743 80 0
C4 779 80 0
Measure Number: 220
A5 15 80 -1
C6 15 80 0
E6 44 80 -1
G6 44 80 0
B5 72 80 -1
D6 72 80 -1
C6 101 80 0
E6 129 80 -1
D6 158 80 -1
A5 186 80 -1
C6 215 80 0
B5 243 80 -1
C5 272 80 0
G5 300 80 0
B5 300 80 -1
F5 329 80 0
A5 329 80 -1
A4 357 80 -1
E5 386 80 -1
G5 386 80 0
D5 414 80 -1
F5 414 80 0
G4 443 80 0
C5 475 80 0
E5 475 80 0
B4 503 80 -1
rest 240
C6 101 80 0
B5 158 80 -1
A5 186 80 -1
G5 243 80 0
C5 272 240 0
A4 357 240 -1
G4 443 80 0
B4 503 80 -1
A2 15 80 -1
F4 44 80 0
C4 72 80 0
A3 101 80 -1
F4 129 80 0
C4 158 80 0
B2 186 80 -1
F4 215 80 0
D4 243 80 -1
C3 272 80 0
F4 300 80 0
C4 329 80 0
A3 357 80 -1
F4 386 80 0
C4 414 80 0
C3 443 80 0
E4 475 80 0
C4 503 80 0
Measure Number: 221
B4 107 80 -1
E5 136 80 -1
G5 136 80 0
F5 165 80 0
F5 195 80 0
E5 225 80 -1
D5 254 80 -1
D5 284 80 -1
C5 313 80 0
B4 342 80 -1
A4 371 240 -1
G4 459 240 0
E4 548 120 0
G4 548 120 0
E4 632 40 -1
C5 632 40 0
B4 107 80 -1
A4 165 80 -1
C5 195 80 0
B4 254 80 -1
A4 284 80 -1
G4 342 80 0
A4 371 480 -1
D3 107 80 -1
D4 136 80 -1
A3 165 80 -1
F3 195 80 0
D4 225 80 -1
A3 254 80 -1
B2 284 80 -1
D4 313 80 -1
G3 342 80 0
C3 371 80 0
C4 401 80 0
D4 430 80 -1
C4 459 80 0
B3 489 80 0
C4 518 80 0
G3 548 80 0
C4 577 80 0
A3 613 80 0
D3 107 480 -1
B2 284 240 -1
Measure Number: 222
D4 14 120 0
F4 14 120 0
D4 102 40 -1
B4 102 40 -1
C4 123 120 0
E4 123 120 -1
C4 212 40 0
A4 212 40 -1
B3 254 120 0
D4 254 120 0
B3 343 40 -1
G4 343 40 0
A3 376 120 0
C4 376 120 0
A3 465 40 -1
F4 465 40 0
G3 501 240 0
D4 501 240 -1
F4 501 240 0
G3 593 240 0
C4 593 240 0
E4 593 240 0
B3 14 80 -1
F3 44 80 0
G3 83 80 0
A3 123 80 -1
E3 154 80 -1
F3 192 80 0
G3 254 80 0
D3 285 80 0
E3 323 80 0
F3 376 80 0
C3 407 80 0
D3 446 80 -1
B2 501 80 -1
A2 532 80 0
B2 563 80 -1
C3 593 80 0
B2 624 80 0
C3 655 80 0
Measure Number: 223
C4 116 240 0
E4 116 240 -1
B3 183 480 -1
D4 183 480 -1
C4 329 480 0
F3 462 240 0
A3 462 240 -1
F4 462 240 0
F3 116 480 0
E3 259 180 0
F3 311 60 0
G3 340 240 0
B3 329 240 -1
F3 385 240 0
A3 385 240 -1
A2 116 80 0
G2 147 80 1
A2 165 80 0
B2 183 80 -1
C3 200 80 0
A2 231 80 -1
G2 259 80 0
A2 276 80 -1
F2 294 80 0
E2 329 80 0
F2 349 80 0
G2 367 80 0
F2 385 80 0
G2 403 80 0
E2 437 80 -1
D2 462 80 -1
E2 486 80 -1
D2 511 80 -1
Measure Number: 224
F3 12 240 0
G3 23 240 0
F4 23 240 0
F3 98 240 0
A3 98 240 0
F3 164 240 0
B3 164 240 -1
G3 242 240 0
B3 230 240 -1
C4 242 240 0
A3 299 240 -1
C4 299 240 0
A4 299 240 -1
B3 340 240 -1
C4 352 240 0
E4 352 240 0
B1 23 80 -1
C2 48 80 0
D2 73 80 -1
C2 98 80 0
F2 119 80 0
E2 140 80 -1
D2 164 80 -1
E2 189 80 -1
F2 210 80 0
E2 242 80 0
F2 263 80 0
G2 281 80 0
F2 299 80 0
B2 316 80 -1
A2 334 80 -1
G2 352 80 0
A2 370 80 -1
B2 388 80 -1
Measure Number: 225
A3 15 240 -1
C4 15 240 0
F4 15 240 0
G3 78 240 -1
C4 78 240 0
E4 78 240 -1
F3 144 240 0
B3 144 240 -1
D4 144 240 -1
F3 195 480 0
A3 195 480 -1
C4 195 480 0
E3 338 240 0
B3 326 240 -1
C4 338 240 0
A2 15 80 -1
B2 32 80 -1
C3 50 80 0
A2 78 80 0
G2 109 80 1
A2 126 80 0
B2 144 80 -1
C3 161 80 0
D3 178 80 -1
C3 195 80 0
A2 225 80 -1
F2 243 80 0
D2 264 80 -1
C2 288 80 0
D2 313 80 -1
C2 338 80 0
A2 355 80 -1
G2 383 80 0
Measure Number: 226
G3 111 80 1
F4 111 80 0
A3 144 80 0
C4 176 80 0
G4 176 80 -1
D4 224 80 0
A4 224 80 0
E4 256 80 -1
G4 288 80 -1
C5 288 80 0
G4 357 80 1
E5 357 80 -1
A4 389 80 0
C5 421 80 0
G5 421 80 -1
D5 469 80 0
A5 469 80 0
E5 501 80 -1
G5 533 80 -1
C6 533 80 0
G5 579 80 1
E6 579 80 -1
A5 611 80 0
C6 643 80 0
G6 643 80 -1
D6 690 80 0
A6 690 80 0
E6 722 80 -1
G6 754 80 -1
C7 754 80 0
F2 111 180 0
C3 111 180 0
E3 193 60 -1
G3 224 180 -1
A3 305 60 0
C4 357 180 0
E4 439 60 -1
G4 469 180 -1
A4 550 60 0
C5 579 180 0
E5 660 60 -1
G5 690 180 -1
A5 772 60 0
Measure Number: 227
A6 17 240 0
E7 17 240 -1
A3 102 240 0
C4 102 240 0
A4 102 240 0
B3 188 240 -1
F4 188 240 0
B4 188 240 -1
D4 277 240 -1
F4 277 240 0
B4 277 240 -1
D5 277 240 -1
C4 370 240 0
E4 370 240 0
B4 370 240 -1
C5 382 240 0
E3 459 240 0
B3 459 240 -1
E4 459 240 0
E4 98 80 -1
F4 128 80 0
G4 158 80 -1
C6 17 240 0
G2 98 80 -1
G3 98 80 -1
F2 128 80 0
F3 128 80 0
E2 158 80 -1
E3 158 80 -1
D2 188 80 -1
D3 188 80 -1
C2 217 80 0
C3 217 80 0
B1 247 80 -1
B2 247 80 -1
A1 277 80 -1
A2 277 80 -1
G1 310 80 0
G2 310 80 0
G1 340 80 0
G2 340 80 0
G1 370 80 0
G2 370 80 0
C1 399 80 0
C2 399 80 0
C1 429 80 0
C2 429 80 0
D1 459 80 -1
D2 459 80 -1
C1 488 80 0
C2 488 80 0
C1 518 80 0
C2 518 80 0
Measure Number: 228
G3 111 80 1
F4 111 80 0
A3 144 80 0
C4 178 80 0
G4 178 80 -1
D4 212 80 0
A4 212 80 0
E4 245 80 -1
G4 278 80 -1
C5 278 80 0
G4 348 80 1
E5 348 80 -1
A4 381 80 0
C5 414 80 0
G5 414 80 -1
D5 462 80 0
A5 462 80 0
E5 495 80 -1
G5 528 80 -1
C6 528 80 0
G5 575 80 1
E6 575 80 -1
A5 608 80 0
C6 641 80 0
G6 641 80 -1
D6 689 80 0
A6 689 80 0
E6 722 80 -1
G6 755 80 -1
C7 755 80 0
F1 111 80 0
F2 111 80 0
rest 80
E3 178 80 -1
G3 212 180 -1
A3 295 60 0
C4 348 180 0
E4 431 60 -1
G4 462 180 -1
A4 545 60 0
C5 575 180 0
E5 658 60 -1
G5 689 180 -1
A5 773 60 0
Measure Number: 229
A6 17 240 0
E7 17 240 -1
A4 104 240 0
C5 104 240 0
A5 104 240 0
B4 190 240 -1
F5 190 240 0
B5 190 240 -1
D5 279 240 -1
F5 279 240 0
B5 279 240 -1
D6 279 240 -1
C5 368 240 0
E5 368 240 0
B5 356 240 -1
C6 368 240 0
E4 457 240 0
B4 457 240 -1
E5 457 240 0
E5 100 80 -1
F5 130 80 0
G5 160 80 -1
C6 17 240 0
G3 100 80 -1
G4 100 80 -1
F3 130 80 0
F4 130 80 0
E3 160 80 -1
E4 160 80 -1
D3 190 80 -1
D4 190 80 -1
C3 220 80 0
C4 220 80 0
B2 249 80 -1
B3 249 80 -1
A2 279 80 -1
A3 279 80 -1
G2 308 80 0
G3 308 80 0
G2 338 80 0
G3 338 80 0
G2 368 80 0
G3 368 80 0
C2 397 80 0
C3 397 80 0
C2 427 80 0
C3 427 80 0
D2 457 80 -1
D3 457 80 -1
C2 486 80 0
C3 486 80 0
C2 516 80 0
C3 516 80 0
Measure Number: 230
F4 111 240 0
A4 111 240 -1
F5 111 240 0
D3 212 80 -1
C3 242 80 0
F3 272 80 0
A3 302 80 -1
F3 331 80 0
B3 361 80 -1
A3 391 80 -1
E3 421 80 0
G3 458 80 0
A3 488 80 -1
G3 518 80 0
C4 555 80 0
D4 604 80 -1
C4 634 80 0
A4 671 80 -1
F1 111 80 0
C2 141 80 0
A2 170 80 -1
rest 240
rest 240
C2 391 120 0
B2 440 120 -1
E3 488 120 0
E2 537 120 0
C3 604 120 0
B3 652 120 -1
Measure Number: 231
G4 12 80 0
B3 44 80 0
C4 85 80 0
D4 117 80 -1
C4 150 80 0
F4 191 80 0
A4 223 80 -1
F4 256 80 0
B4 297 80 -1
A4 329 80 -1
E4 362 80 0
G4 403 80 0
A4 435 80 -1
G4 468 80 0
C5 508 80 0
D5 541 80 -1
C5 574 80 0
G5 614 80 0
F2 12 120 0
C3 64 120 0
A3 117 120 -1
A2 170 120 -1
F3 223 120 0
C4 276 120 0
C3 329 120 0
B3 382 120 -1
E4 435 120 0
E3 488 120 0
C4 541 120 0
B4 594 120 -1
Measure Number: 232
F5 107 80 0
B3 139 80 0
C4 176 80 0
D4 207 80 -1
C4 237 80 0
F4 274 80 0
A4 304 80 -1
F4 334 80 0
B4 372 80 -1
A4 402 80 -1
E4 432 80 0
G4 470 80 0
A4 500 80 -1
G4 530 80 0
C5 567 80 0
D5 598 80 -1
C5 628 80 0
A5 666 80 -1
F2 107 120 0
C3 158 120 0
A3 207 120 -1
A2 255 120 -1
F3 304 120 0
C4 353 120 0
C3 402 120 0
B3 451 120 -1
E4 500 120 0
E3 549 120 0
C4 598 120 0
B4 646 120 -1
Measure Number: 233
G5 15 80 0
B4 48 80 0
C5 88 80 0
D5 120 80 -1
C5 153 80 0
F5 193 80 0
A5 225 80 -1
F5 258 80 0
B5 298 80 -1
A5 330 80 -1
E5 363 80 0
G5 403 80 0
A5 435 80 -1
G5 468 80 0
C6 508 80 0
D6 540 80 -1
C6 573 80 0
G6 613 80 0
F3 15 120 0
C4 68 120 0
A4 120 120 -1
A3 173 120 -1
F4 225 120 0
C5 278 120 0
C4 330 120 0
B4 383 120 -1
E5 435 120 0
E4 488 120 0
C5 540 120 0
B5 593 120 -1
Measure Number: 234
F6 109 80 0
F7 144 80 0
E7 178 80 0
E7 214 80 -1
D7 249 80 -1
C7 283 80 0
B6 318 80 -1
A6 353 80 -1
G6 387 80 0
F6 422 80 0
E6 456 80 0
E6 491 80 -1
D6 526 80 -1
C6 560 80 0
B5 595 80 -1
A5 629 80 -1
G5 664 80 0
F5 699 80 0
F4 109 240 0
A4 109 240 -1
C5 109 240 0
F5 109 240 0
F4 214 480 0
A4 214 480 -1
D5 214 480 -1
F5 214 480 0
F4 422 240 0
A4 422 240 -1
C5 422 240 0
F5 422 240 0
F4 526 480 0
A4 526 480 -1
D5 526 480 -1
F5 526 480 0
Measure Number: 235
A6 15 80 -1
G6 48 80 0
F6 81 80 0
E6 114 80 -1
D6 147 80 -1
C6 180 80 0
B5 213 80 -1
A5 246 80 -1
G5 278 80 0
F5 311 80 0
E5 344 80 -1
D5 377 80 -1
C5 410 80 0
B4 443 80 -1
A4 476 80 -1
G4 509 80 0
F4 542 80 0
D4 575 80 -1
F3 15 240 0
A3 15 240 -1
C4 15 240 0
F4 15 240 0
F3 114 480 0
A3 114 480 -1
D4 114 480 -1
F4 114 480 0
F3 311 240 0
A3 311 240 -1
C4 311 240 0
F4 311 240 0
F3 410 480 0
A3 410 480 -1
D4 410 480 -1
F4 410 480 0
Measure Number: 236
C4 120 80 0
F4 151 80 0
A4 182 80 -1
C5 213 80 0
F5 244 80 0
A5 275 80 -1
C6 306 80 0
F6 337 80 0
A6 368 80 -1
D7 414 80 -1
C7 445 80 0
A6 476 80 -1
F6 507 80 0
B6 538 80 -1
A6 569 80 -1
G6 600 80 0
C6 631 80 0
G6 662 80 0
F2 120 240 0
C3 120 240 0
A3 120 240 -1
rest 240
rest 240
D6 414 80 -1
C6 445 80 0
A5 476 80 -1
F5 507 80 0
B5 538 80 -1
A5 569 80 -1
F5 600 80 0
C5 631 80 0
G5 662 80 0
Measure Number: 237
F6 15 80 0
C6 50 80 0
A5 85 80 -1
D6 120 80 -1
C6 155 80 0
A5 190 80 -1
F5 225 80 0
B5 260 80 -1
A5 295 80 -1
F5 331 80 0
C5 366 80 0
G5 401 80 0
F5 436 80 0
C5 471 80 0
A4 506 80 -1
D5 541 80 -1
C5 576 80 0
A4 611 80 -1
F5 15 80 0
C5 50 80 0
A4 85 80 -1
D5 120 80 -1
C5 155 80 0
A4 190 80 -1
F4 225 80 0
B4 260 80 -1
A4 295 80 -1
F4 331 80 0
C4 366 80 0
G4 401 80 0
F4 436 80 0
C4 471 80 0
A3 506 80 -1
D4 541 80 -1
C4 576 80 0
A3 611 80 -1
Measure Number: 238
F4 107 80 0
B4 125 80 -1
A4 144 80 -1
F4 162 80 0
C4 181 80 0
G4 199 80 0
F4 218 80 0
C4 236 80 0
A3 261 80 -1
F3 107 80 0
B3 125 80 -1
A3 144 80 -1
F3 162 80 0
C3 181 80 0
G3 199 80 0
F3 218 80 0
C3 236 80 0
A2 261 80 -1
D4 280 80 -1
C4 304 80 0
A3 323 80 -1
F3 341 80 0
B3 360 80 -1
A3 378 80 -1
F3 397 80 0
C3 418 80 0
G3 439 80 0
D3 280 80 -1
C3 304 80 0
A2 323 80 -1
F2 341 80 0
B2 360 80 -1
A2 378 80 -1
F2 397 80 0
C2 418 80 0
G2 439 80 0
Measure Number: 239
F3 12 80 0
C3 37 80 0
A2 62 80 -1
D3 88 80 -1
C3 113 80 0
A2 139 80 -1
F2 164 80 0
D3 189 80 -1
C3 215 80 0
A2 240 80 -1
F2 266 80 0
D3 291 80 -1
C3 317 80 0
A2 342 80 -1
F2 367 80 0
D3 393 80 -1
C3 418 80 0
A2 444 80 -1
F2 12 80 0
C2 37 80 0
A1 62 80 -1
D2 88 80 -1
C2 113 80 0
A1 139 80 -1
F1 164 80 0
D2 189 80 -1
C2 215 80 0
A1 240 80 -1
F1 266 80 0
D2 291 80 -1
C2 317 80 0
A1 342 80 -1
F1 367 80 0
D2 393 80 -1
C2 418 80 0
A1 444 80 -1
Measure Number: 240
F4 87 240 0
A4 87 240 -1
D5 87 240 -1
F5 87 240 0
rest 240
rest 240
F2 15 240 0
rest 240
rest 240
D2 87 240 -1
D3 87 240 -1
rest 240
rest 240
F1 15 240 0
rest 240
Measure Number: 241
D5 23 240 -1
F5 12 240 0
G5 23 240 0
D6 23 240 -1
rest 240
rest 240
G3 100 240 0
B3 100 240 -1
C4 112 240 0
E4 100 240 0
rest 240
rest 240
B1 23 240 -1
B2 23 240 -1
rest 240
rest 240
C2 100 240 0
C3 100 240 0
rest 240
rest 240
Measure Number: 242
F3 15 1440 0
A3 15 1440 -1
C4 15 1440 0
F4 15 1440 0
F1 15 1440 0
F2 15 1440 0
