Measure Number: 1
C3 0 960 0
C3 0 240 0
E3 0 240 -1
A3 0 240 -1
B3 0 240 -1
C2 0 960 0
C2 0 240 0
E2 0 240 -1
A2 0 240 -1
B2 0 240 -1
Measure Number: 2
C4 0 240 0
A3 0 240 -1
E4 0 240 -1
B4 0 240 -1
C5 0 240 0
A4 0 240 -1
E5 0 240 -1
B5 0 240 -1
C3 0 240 0
A2 0 240 -1
E3 0 240 -1
B3 0 240 -1
C4 0 240 0
A3 0 240 -1
E4 0 240 -1
B4 0 240 -1
Measure Number: 3
C6 0 240 0
G5 0 240 0
B5 0 240 -1
A5 0 240 -1
G5 0 480 0
F5 0 240 1
rest 240
C5 0 240 0
G4 0 240 0
B4 0 240 -1
A4 0 240 -1
G4 0 480 0
F4 0 240 1
rest 240
Measure Number: 4
rest 240
F5 0 240 1
G5 0 240 0
F5 0 240 1
E5 0 240 1
F5 0 240 1
A5 0 160 0
G5 0 160 0
E5 0 160 -1
rest 240
F4 0 240 1
G4 0 240 0
F4 0 240 1
E4 0 240 1
F4 0 240 1
A4 0 160 0
G4 0 160 0
E4 0 160 -1
Measure Number: 5
E5 0 360 -1
D5 0 120 0
F5 0 160 0
E5 0 160 -1
D5 0 160 0
D5 0 480 0
rest 480
E4 0 360 -1
D4 0 120 0
F4 0 160 0
E4 0 160 -1
D4 0 160 0
D4 0 480 0
rest 480
Measure Number: 6
rest 960
C5 0 720 0
G4 0 240 0
rest 960
E3 0 960 -1
G3 0 960 0
C4 0 960 0
Measure Number: 7
B4 0 1920 -1
B4 0 120 -1
B4 0 1440 -1
D3 0 1920 0
G3 0 1920 0
E4 0 1920 -1
Measure Number: 8
B4 0 1440 -1
rest 240
C4 0 240 0
D4 0 240 0
F4 0 240 1
B4 0 240 -1
A4 0 240 0
C4 0 960 0
D4 0 720 0
F4 0 480 1
rest 1440
D2 0 480 0
rest 480
rest 480
Measure Number: 9
G4 0 1440 0
D5 0 1440 0
rest 480
B3 0 480 -1
D4 0 480 0
B3 0 480 -1
D4 0 480 0
rest 480
D4 0 480 0
G4 0 480 0
D4 0 480 0
G4 0 480 0
rest 480
G2 0 480 0
G2 0 480 0
rest 480
B3 0 480 -1
B3 0 480 -1
Measure Number: 10
C5 0 1440 0
rest 240
C4 0 240 0
D4 0 240 0
F4 0 240 1
B4 0 240 -1
A4 0 240 0
rest 480
E4 0 480 -1
G4 0 480 0
E4 0 480 -1
G4 0 480 0
C4 0 960 0
D4 0 720 0
F4 0 480 1
rest 480
A3 0 480 0
C4 0 480 0
A3 0 480 0
C4 0 480 0
rest 480
D2 0 480 0
D2 0 480 0
Measure Number: 11
G4 0 1440 0
E4 0 1440 0
rest 480
B3 0 480 -1
D4 0 480 0
B3 0 480 -1
D4 0 480 0
rest 480
G3 0 480 0
A3 0 480 0
C4 0 480 1
G3 0 480 0
A3 0 480 0
C4 0 480 1
rest 480
G2 0 480 0
G2 0 480 0
rest 480
A2 0 480 0
A2 0 480 0
Measure Number: 12
F4 0 1440 1
rest 240
C4 0 240 0
D4 0 240 0
F4 0 240 1
B4 0 240 -1
A4 0 240 0
rest 480
F3 0 480 1
A3 0 480 0
D4 0 480 0
F3 0 480 1
A3 0 480 0
D4 0 480 0
C4 0 960 0
D4 0 720 0
F4 0 480 1
rest 480
D2 0 480 0
D2 0 480 0
rest 480
D3 0 480 0
D3 0 480 0
Measure Number: 13
G4 0 1440 0
G5 0 1440 0
rest 480
B3 0 480 -1
D4 0 480 0
B3 0 480 -1
D4 0 480 0
rest 480
G4 0 480 0
B4 0 480 -1
D5 0 480 -1
G4 0 480 0
B4 0 480 -1
D5 0 480 -1
rest 480
G2 0 480 0
G2 0 480 0
rest 480
E4 0 480 0
E4 0 480 0
Measure Number: 14
F5 0 1440 0
E4 0 240 -1
F4 0 240 0
A4 0 240 0
E5 0 240 -1
D5 0 240 0
rest 120
C5 0 120 1
rest 480
B4 0 480 -1
C5 0 480 0
B4 0 480 -1
C5 0 480 0
E4 0 1440 -1
A4 0 960 0
rest 480
F4 0 480 0
F4 0 480 0
rest 480
F2 0 480 0
F2 0 480 0
Measure Number: 15
C5 0 1440 1
D5 0 1440 0
rest 480
E4 0 480 -1
F4 0 480 0
A4 0 480 0
E4 0 480 -1
F4 0 480 0
A4 0 480 0
rest 480
D4 0 480 0
F4 0 480 0
B4 0 480 -1
D4 0 480 0
F4 0 480 0
B4 0 480 -1
rest 480
B2 0 480 -1
B2 0 480 -1
rest 480
B3 0 480 -1
B3 0 480 -1
Measure Number: 16
C5 0 1440 0
rest 240
C4 0 240 0
D4 0 240 0
F4 0 240 1
B4 0 240 -1
A4 0 240 0
rest 480
E4 0 480 -1
G4 0 480 0
E4 0 480 -1
G4 0 480 0
C4 0 960 0
D4 0 720 0
F4 0 480 1
rest 480
A3 0 480 0
A3 0 480 0
rest 480
D2 0 480 0
D2 0 480 0
Measure Number: 17
G4 0 1440 0
D5 0 1440 0
rest 480
B3 0 480 -1
D4 0 480 0
B3 0 480 -1
D4 0 480 0
rest 480
D4 0 480 0
G4 0 480 0
D4 0 480 0
G4 0 480 0
rest 480
G2 0 480 0
G2 0 480 0
rest 480
B3 0 480 -1
B3 0 480 -1
Measure Number: 18
C5 0 1440 0
rest 240
C4 0 240 0
D4 0 240 0
F4 0 240 1
B4 0 240 -1
A4 0 240 0
rest 480
E4 0 480 -1
G4 0 480 0
E4 0 480 -1
G4 0 480 0
C4 0 960 0
D4 0 720 0
F4 0 480 1
rest 480
A3 0 480 0
C4 0 480 0
A3 0 480 0
C4 0 480 0
rest 480
D2 0 480 0
D2 0 480 0
Measure Number: 19
G4 0 1440 0
E4 0 1440 0
rest 480
B3 0 480 -1
D4 0 480 0
B3 0 480 -1
D4 0 480 0
rest 480
G3 0 480 0
A3 0 480 0
C4 0 480 1
G3 0 480 0
A3 0 480 0
C4 0 480 1
rest 480
G2 0 480 0
G2 0 480 0
rest 480
A2 0 480 0
A2 0 480 0
Measure Number: 20
F4 0 1440 1
rest 240
C4 0 240 0
D4 0 240 0
F4 0 240 1
B4 0 240 -1
A4 0 240 0
rest 480
F3 0 480 1
A3 0 480 0
D4 0 480 0
F3 0 480 1
A3 0 480 0
D4 0 480 0
C4 0 960 0
D4 0 720 0
F4 0 480 1
rest 480
D2 0 480 0
D2 0 480 0
rest 480
D3 0 480 0
D3 0 480 0
Measure Number: 21
G4 0 1440 0
G5 0 1440 0
rest 480
B3 0 480 0
D4 0 480 0
F4 0 480 0
B3 0 480 0
D4 0 480 0
F4 0 480 0
rest 480
F4 0 480 0
G4 0 480 0
B4 0 480 0
D5 0 480 0
F4 0 480 0
G4 0 480 0
B4 0 480 0
D5 0 480 0
rest 480
G3 0 480 0
G3 0 480 0
rest 480
G2 0 480 0
G2 0 480 0
Measure Number: 22
G5 0 1440 0
D5 0 1440 0
rest 480
G4 0 480 0
C5 0 480 0
E5 0 480 -1
G4 0 480 0
C5 0 480 0
E5 0 480 -1
rest 480
D4 0 480 0
G4 0 480 0
D4 0 480 0
G4 0 480 0
rest 480
C3 0 960 0
rest 480
D3 0 960 0
C2 0 480 0
G3 0 480 0
D2 0 480 0
G3 0 480 0
Measure Number: 23
C5 0 1440 0
G4 0 1440 0
rest 480
C4 0 480 0
G4 0 480 0
C4 0 480 0
G4 0 480 0
rest 480
B3 0 480 -1
D4 0 480 0
B3 0 480 -1
D4 0 480 0
rest 480
E3 0 960 -1
rest 480
D3 0 960 0
E2 0 480 -1
G3 0 480 0
D2 0 480 0
G3 0 480 0
Measure Number: 24
G5 0 1440 0
D5 0 1440 0
rest 480
G4 0 480 0
C5 0 480 0
E5 0 480 -1
G4 0 480 0
C5 0 480 0
E5 0 480 -1
rest 480
D4 0 480 0
G4 0 480 0
D4 0 480 0
G4 0 480 0
B2 0 240 0
C3 0 240 0
D3 0 240 0
C3 0 240 0
G3 0 480 0
C3 0 240 1
D3 0 240 0
E3 0 240 -1
D3 0 240 0
G3 0 480 0
Measure Number: 25
C5 0 1440 0
G4 0 1440 0
rest 480
C4 0 480 0
G4 0 480 0
C4 0 480 0
G4 0 480 0
rest 480
B3 0 480 -1
C4 0 480 1
B3 0 480 -1
C4 0 480 1
D3 0 240 0
E3 0 240 -1
F3 0 240 0
E3 0 240 -1
G3 0 480 0
D3 0 0 1
E3 0 0 0
F3 0 0 0
E3 0 1440 0
D3 0 60 1
E3 0 60 0
F3 0 60 0
E3 0 960 0
E3 0 180 0
D3 0 60 1
E3 0 60 0
D3 0 120 1
E3 0 120 0
Measure Number: 26
F4 0 1440 0
D5 0 1440 0
rest 480
B3 0 480 -1
D4 0 480 0
B3 0 480 -1
D4 0 480 0
rest 480
D4 0 480 0
F4 0 480 0
B4 0 480 -1
D4 0 480 0
F4 0 480 0
B4 0 480 -1
F3 0 1440 0
F3 0 480 0
E2 0 480 0
E3 0 480 0
F2 0 480 0
F3 0 480 0
Measure Number: 27
D5 0 480 0
D5 0 0 0
C5 0 480 0
B4 0 480 0
C5 0 480 0
D5 0 480 0
E5 0 480 -1
E4 0 480 -1
A4 0 480 0
E4 0 480 -1
A4 0 480 0
E4 0 480 -1
A4 0 480 0
E4 0 480 -1
A4 0 480 0
E4 0 480 -1
A4 0 480 0
E4 0 480 -1
A4 0 480 0
F2 0 1440 1
F3 0 1440 1
F2 0 480 1
F3 0 480 1
E2 0 480 1
E3 0 480 1
F2 0 480 1
F3 0 480 1
Measure Number: 28
E5 0 1440 -1
D5 0 1440 0
rest 480
E4 0 480 -1
B4 0 480 -1
E4 0 480 -1
B4 0 480 -1
D4 0 480 0
B4 0 480 -1
D4 0 480 0
B4 0 480 -1
D4 0 480 0
B4 0 480 -1
G2 0 2880 0
G3 0 2880 0
Measure Number: 29
rest 480
B4 0 0 -1
A4 0 480 0
G4 0 480 1
A4 0 480 0
B4 0 480 -1
C5 0 480 0
C4 0 480 0
F4 0 480 1
C4 0 480 0
F4 0 480 1
C4 0 480 0
F4 0 480 1
C4 0 480 0
F4 0 480 1
C4 0 480 0
F4 0 480 1
C4 0 480 0
F4 0 480 1
D2 0 2880 0
D3 0 2880 0
Measure Number: 30
C5 0 1440 0
B4 0 1440 -1
rest 480
C4 0 480 0
G4 0 480 0
C4 0 480 0
G4 0 480 0
B3 0 480 -1
G4 0 480 0
B3 0 480 -1
G4 0 480 0
B3 0 480 -1
G4 0 480 0
E2 0 2880 -1
E3 0 2880 -1
Measure Number: 31
A4 0 1440 0
A4 0 960 0
A4 0 240 0
A4 0 240 0
E4 0 480 -1
G4 0 480 0
E4 0 480 -1
G4 0 480 0
E4 0 480 -1
G4 0 480 0
D4 0 480 0
F4 0 480 1
D4 0 480 0
F4 0 480 1
D4 0 480 0
F4 0 480 1
C2 0 1440 0
C3 0 1440 0
D2 0 1440 0
D3 0 1440 0
Measure Number: 32
A4 0 1440 0
A4 0 960 0
A4 0 480 0
A3 0 480 0
E4 0 480 0
A4 0 1920 0
C2 0 480 1
C3 0 480 1
E3 0 480 0
A3 0 480 0
E4 0 480 0
E3 0 480 0
A3 0 480 0
E4 0 480 0
E3 0 480 0
A3 0 480 0
E4 0 480 0
E3 0 480 0
A3 0 480 0
E4 0 480 0
E3 0 480 0
A3 0 480 0
E4 0 480 0
Measure Number: 33
A4 0 120 0
B4 0 120 -1
A4 0 120 0
G4 0 120 1
A4 0 120 0
G5 0 120 0
E5 0 120 0
F5 0 120 0
F5 0 120 0
G6 0 120 0
F6 0 120 0
E6 0 120 0
E6 0 80 -1
C6 0 80 0
A5 0 80 0
B5 0 80 -1
D6 0 80 0
C6 0 80 0
B5 0 80 -1
G5 0 80 0
F5 0 80 0
D5 0 80 0
E5 0 80 -1
E5 0 80 0
F5 0 80 0
F5 0 80 1
A5 0 80 0
G5 0 80 0
F5 0 80 0
E5 0 80 -1
C2 0 480 0
C3 0 480 0
F3 0 480 0
A3 0 480 0
E4 0 480 -1
F4 0 480 0
F3 0 480 0
A3 0 480 0
E4 0 480 -1
F4 0 480 0
F3 0 480 0
A3 0 480 0
E4 0 480 -1
F4 0 480 0
F3 0 480 0
A3 0 480 0
E4 0 480 -1
F4 0 480 0
F3 0 480 0
A3 0 480 0
E4 0 480 -1
F4 0 480 0
Measure Number: 34
C5 0 240 1
rest 240
D5 0 960 0
D5 0 480 0
C5 0 480 0
G4 0 480 0
B1 0 480 -1
B2 0 480 -1
D3 0 480 0
F3 0 480 0
B3 0 480 -1
F3 0 480 0
B3 0 480 -1
D4 0 480 0
E2 0 480 -1
E3 0 480 -1
G3 0 480 0
C4 0 480 0
G3 0 480 0
C4 0 480 0
E4 0 480 -1
Measure Number: 35
B4 0 1440 -1
F4 0 1440 1
D2 0 480 0
G3 0 960 0
D3 0 1440 0
B3 0 480 -1
E4 0 480 -1
B3 0 960 -1
D4 0 960 0
B3 0 480 -1
C4 0 480 1
A3 0 480 0
C4 0 480 0
Measure Number: 36
G4 0 480 0
B5 0 480 -1
A5 0 480 0
B4 0 240 -1
D5 0 240 0
F5 0 240 0
E5 0 240 -1
E5 0 480 -1
A4 0 240 0
C5 0 240 1
E5 0 240 -1
D5 0 240 0
G2 0 480 0
G3 0 960 0
B3 0 960 -1
F2 0 480 1
F3 0 960 1
A3 0 960 0
F4 0 480 0
E4 0 480 -1
E4 0 480 -1
D4 0 480 0
Measure Number: 37
D5 0 480 0
B5 0 480 -1
A5 0 480 -1
B4 0 240 -1
D5 0 240 0
F5 0 240 0
E5 0 240 -1
E5 0 480 -1
A4 0 240 -1
C5 0 240 1
E5 0 240 -1
D5 0 240 0
G2 0 480 0
G3 0 960 0
B3 0 960 -1
F2 0 480 0
F3 0 960 0
A3 0 960 -1
B3 0 960 0
F4 0 480 0
E4 0 480 -1
E4 0 480 -1
D4 0 480 0
Measure Number: 38
D5 0 480 0
G5 0 480 0
C5 0 480 0
G4 0 240 0
B4 0 240 0
D5 0 240 0
C5 0 240 0
C5 0 480 0
C4 0 240 0
G4 0 240 1
B4 0 240 -1
A4 0 240 0
E2 0 480 -1
E3 0 960 -1
G3 0 960 0
C2 0 480 0
E3 0 960 -1
D4 0 480 0
C4 0 480 0
B3 0 480 -1
A3 0 480 0
Measure Number: 39
A4 0 480 0
E5 0 480 -1
C5 0 480 0
G4 0 480 0
F4 0 480 1
A4 0 480 0
E4 0 240 -1
B4 0 240 0
D5 0 240 0
C5 0 240 0
E4 0 240 -1
D4 0 240 0
C4 0 240 1
C4 0 240 0
D2 0 480 0
D3 0 960 0
C4 0 960 0
D2 0 480 0
A3 0 480 0
D3 0 480 0
G3 0 480 0
F3 0 480 1
Measure Number: 40
G4 0 480 0
B4 0 480 -1
B4 0 960 -1
B5 0 960 -1
rest 480
A4 0 960 0
A5 0 960 0
B3 0 480 -1
B4 0 240 -1
D5 0 240 0
F5 0 240 0
E5 0 240 -1
A4 0 240 0
C5 0 240 1
E5 0 240 -1
D5 0 240 0
G2 0 480 0
G3 0 480 0
G3 0 960 0
F2 0 480 1
F3 0 480 1
F3 0 960 1
F4 0 480 0
B3 0 480 -1
E4 0 480 -1
E4 0 480 -1
A3 0 480 0
D4 0 480 0
Measure Number: 41
rest 480
B4 0 960 -1
B5 0 960 -1
rest 480
A4 0 960 -1
A5 0 960 -1
B4 0 240 -1
D5 0 240 0
F5 0 240 0
E5 0 240 -1
A4 0 240 -1
C5 0 240 1
E5 0 240 -1
D5 0 240 0
G2 0 480 0
G3 0 480 0
G3 0 960 0
F2 0 480 0
F3 0 480 0
F3 0 960 0
F4 0 480 0
B3 0 480 -1
E4 0 480 -1
E4 0 480 -1
A3 0 480 -1
B3 0 480 0
D4 0 480 0
Measure Number: 42
rest 480
G4 0 960 0
G5 0 960 0
rest 480
C4 0 960 0
C5 0 960 0
G4 0 240 0
B4 0 240 0
D5 0 240 0
C5 0 240 0
C4 0 240 0
G4 0 240 1
B4 0 240 -1
A4 0 240 0
E2 0 480 -1
E3 0 480 -1
E3 0 960 -1
C2 0 480 0
C3 0 480 0
C3 0 960 0
D4 0 480 0
G3 0 480 0
C4 0 480 0
B3 0 480 -1
E3 0 480 -1
A3 0 480 0
Measure Number: 43
rest 480
E4 0 960 -1
E5 0 960 -1
rest 480
F3 0 960 1
F4 0 960 1
E4 0 240 -1
B4 0 240 0
D5 0 240 0
C5 0 240 0
F3 0 240 1
C4 0 240 1
E4 0 240 -1
D4 0 240 0
D2 0 480 0
A2 0 480 0
G3 0 480 0
C3 0 480 0
F3 0 480 1
D2 0 480 0
A2 0 480 0
E3 0 480 -1
C3 0 480 0
D3 0 480 0
Measure Number: 44
G4 0 480 0
C4 0 240 0
B3 0 240 -1
A3 0 240 0
G3 0 240 0
G4 0 480 0
C4 0 240 0
B3 0 240 -1
A3 0 240 0
G3 0 240 0
B3 0 480 -1
G3 0 480 0
B3 0 480 -1
G3 0 480 0
D3 0 480 0
G1 0 960 0
G2 0 960 0
G2 0 480 0
D3 0 480 0
G2 0 960 0
G2 0 480 0
E3 0 240 -1
D3 0 240 0
rest 480
Measure Number: 45
F4 0 240 0
C4 0 240 0
E4 0 240 -1
F3 0 240 1
C4 0 240 0
E4 0 240 -1
F4 0 240 1
C5 0 240 0
F5 0 240 0
E5 0 240 -1
D5 0 240 0
C5 0 240 0
G2 0 1440 0
C3 0 1440 0
E3 0 1440 -1
G2 0 480 0
C3 0 480 0
E3 0 480 -1
G2 0 480 0
G3 0 480 0
E3 0 480 -1
E4 0 480 -1
rest 480
A3 0 960 0
A3 0 480 0
Measure Number: 46
G5 0 480 0
C5 0 240 0
B4 0 240 -1
A4 0 240 0
G4 0 240 0
G5 0 480 0
C5 0 240 0
B4 0 240 -1
A4 0 240 0
G4 0 240 0
B4 0 480 -1
G4 0 480 0
B4 0 480 -1
G4 0 480 0
D3 0 480 0
D4 0 480 0
G2 0 960 0
G3 0 960 0
G3 0 480 0
D4 0 480 0
G3 0 960 0
E4 0 240 -1
D4 0 240 0
rest 480
Measure Number: 47
F5 0 240 0
C5 0 240 0
E5 0 240 -1
F4 0 240 1
C5 0 240 0
E5 0 240 -1
F5 0 240 1
C6 0 240 0
F6 0 240 0
E6 0 240 -1
D6 0 240 0
C6 0 240 0
G3 0 1440 0
C4 0 1440 0
E4 0 1440 -1
G3 0 480 0
C4 0 480 0
E4 0 480 -1
G3 0 480 0
G4 0 480 0
E4 0 480 -1
E5 0 480 -1
rest 480
A4 0 960 0
A4 0 480 0
Measure Number: 48
B5 0 480 -1
G6 0 480 0
rest 240
G6 0 240 0
C7 0 240 0
B6 0 240 -1
D6 0 240 0
F6 0 240 1
B6 0 240 -1
A6 0 240 0
D6 0 240 0
F5 0 240 1
B5 0 240 -1
A5 0 240 0
D5 0 240 0
G4 0 480 0
D5 0 480 0
rest 480
rest 480
E5 0 480 -1
D5 0 480 0
D4 0 480 0
E4 0 480 -1
F4 0 480 1
A4 0 480 0
Measure Number: 49
G5 0 240 0
C6 0 240 0
B5 0 240 -1
D6 0 240 0
G6 0 240 0
C7 0 240 0
B6 0 240 -1
D6 0 240 0
F6 0 240 1
B6 0 240 -1
A6 0 240 0
D6 0 240 0
F5 0 240 1
B5 0 240 -1
A5 0 240 0
D5 0 240 0
G3 0 480 0
D4 0 480 0
D5 0 480 0
E5 0 480 -1
D5 0 480 0
D4 0 480 0
D4 0 960 0
E4 0 480 -1
F4 0 480 1
A4 0 480 0
Measure Number: 50
G5 0 240 0
C6 0 240 0
B5 0 240 -1
D6 0 240 0
G6 0 240 0
C7 0 240 0
B6 0 240 -1
D6 0 240 0
F6 0 240 1
B6 0 240 -1
A6 0 240 0
D6 0 240 0
F5 0 240 1
B5 0 240 -1
A5 0 240 0
D5 0 240 0
G3 0 480 0
rest 480
D3 0 480 0
E4 0 480 -1
D4 0 480 0
D3 0 480 0
E3 0 480 -1
F3 0 480 1
A3 0 480 0
Measure Number: 51
G4 0 240 0
C5 0 240 0
B4 0 240 -1
D5 0 240 0
G5 0 240 0
C6 0 240 0
B5 0 240 -1
D5 0 240 0
F5 0 240 1
B5 0 240 -1
A5 0 240 0
D5 0 240 0
F4 0 240 1
B4 0 240 -1
A4 0 240 0
D4 0 240 0
G2 0 480 0
D3 0 480 0
D4 0 480 0
E4 0 480 -1
D4 0 480 0
D3 0 480 0
D3 0 960 0
E3 0 480 -1
F3 0 480 1
A3 0 480 0
Measure Number: 52
G4 0 240 0
C5 0 240 0
B4 0 240 -1
D5 0 240 0
G5 0 240 0
C6 0 240 0
B5 0 240 -1
D5 0 240 0
D5 0 240 0
A5 0 240 0
G5 0 240 0
B4 0 240 -1
B4 0 240 -1
E5 0 240 -1
D5 0 240 0
G4 0 240 0
G2 0 480 0
D3 0 480 0
B3 0 480 -1
rest 480
C2 0 480 1
C3 0 480 1
D2 0 480 0
D3 0 480 0
rest 480
G2 0 960 0
Measure Number: 53
G4 0 240 0
C5 0 240 0
B4 0 240 -1
D4 0 240 0
D4 0 240 0
A4 0 240 0
G4 0 240 0
B3 0 240 -1
B3 0 240 -1
E4 0 240 -1
D4 0 240 0
G3 0 240 0
G3 0 240 0
C4 0 240 0
B3 0 240 -1
D3 0 240 0
G1 0 480 0
G2 0 480 0
D3 0 480 0
rest 480
C2 0 480 1
D2 0 480 0
rest 480
Measure Number: 54
G3 0 240 0
C4 0 240 0
B3 0 240 -1
D3 0 240 0
G3 0 240 0
D4 0 240 0
C4 0 240 0
E3 0 240 -1
G3 0 240 0
C4 0 240 0
B3 0 240 -1
D3 0 240 0
G3 0 240 0
D4 0 240 0
C4 0 240 0
E3 0 240 -1
G1 0 480 0
G2 0 480 0
rest 480
C2 0 480 0
G1 0 480 0
G2 0 480 0
rest 480
C2 0 480 0
Measure Number: 55
G3 0 240 0
C4 0 240 0
B3 0 240 -1
D3 0 240 0
G3 0 240 0
D4 0 240 0
C4 0 240 0
E3 0 240 -1
G3 0 240 0
C4 0 240 0
B3 0 240 -1
D3 0 240 0
G3 0 240 0
D4 0 240 0
C4 0 240 0
E3 0 240 -1
G1 0 480 0
G2 0 480 0
rest 480
C2 0 480 0
G1 0 480 0
G2 0 480 0
rest 480
C2 0 480 0
Measure Number: 56
G3 0 240 0
D4 0 240 0
B3 0 240 -1
D4 0 240 0
G4 0 240 0
B4 0 240 -1
D5 0 240 0
G5 0 240 0
B5 0 240 -1
D6 0 240 0
G6 0 240 0
D7 0 240 0
G1 0 1440 0
G2 0 1440 0
rest 480
D4 0 480 0
G4 0 480 0
G3 0 480 0
D4 0 480 0
Measure Number: 57
B6 0 240 -1
D7 0 240 0
G6 0 240 0
D6 0 240 0
B5 0 240 -1
G5 0 240 0
D5 0 240 0
B4 0 240 -1
G4 0 240 0
D4 0 240 0
B3 0 240 -1
D3 0 240 0
D4 0 960 0
G4 0 960 0
rest 480
rest 480
rest 480
D2 0 480 0
Measure Number: 58
G3 0 240 0
D4 0 240 0
B3 0 240 -1
D4 0 240 0
G4 0 240 0
D5 0 240 0
B4 0 240 -1
D5 0 240 0
G4 0 240 0
D4 0 240 0
B3 0 240 -1
D3 0 240 0
G1 0 1440 0
G2 0 1440 0
G1 0 960 0
G2 0 960 0
D2 0 480 0
Measure Number: 59
F3 0 240 1
D4 0 240 0
B3 0 240 -1
D4 0 240 0
F4 0 240 1
D5 0 240 0
B4 0 240 -1
D5 0 240 0
F4 0 240 1
D4 0 240 0
B3 0 240 -1
D3 0 240 0
F1 0 1440 1
F2 0 1440 1
F1 0 960 1
F2 0 960 1
D2 0 480 0
Measure Number: 60
G3 0 240 0
D4 0 240 0
B3 0 240 -1
D4 0 240 0
G4 0 240 0
B4 0 240 -1
D5 0 240 0
G5 0 240 0
B5 0 240 -1
D6 0 240 0
G6 0 240 0
D7 0 240 0
G1 0 1440 0
G2 0 1440 0
rest 480
D3 0 480 0
G3 0 480 0
G2 0 480 0
D3 0 480 0
Measure Number: 61
B6 0 240 -1
D7 0 240 0
G6 0 240 0
D6 0 240 0
B5 0 240 -1
G5 0 240 0
D5 0 240 0
B4 0 240 -1
G4 0 240 0
D4 0 240 0
B3 0 240 -1
D3 0 240 0
D3 0 960 0
G3 0 960 0
rest 480
rest 480
rest 480
D2 0 480 0
Measure Number: 62
G3 0 240 -1
D4 0 240 0
B3 0 240 -1
D4 0 240 0
G4 0 240 -1
D5 0 240 0
B4 0 240 -1
D5 0 240 0
G4 0 240 -1
D4 0 240 0
B3 0 240 -1
D3 0 240 0
G1 0 1440 -1
G2 0 1440 -1
G1 0 960 -1
G2 0 960 -1
D2 0 480 0
Measure Number: 63
F3 0 240 0
D4 0 240 0
B3 0 240 -1
D4 0 240 0
F4 0 240 0
D5 0 240 0
B4 0 240 -1
D5 0 240 0
F4 0 240 0
D4 0 240 0
B3 0 240 -1
D3 0 240 0
F2 0 1440 0
F2 0 960 0
G2 0 480 0
F1 0 2880 0
Measure Number: 64
F3 0 240 0
C4 0 240 0
A3 0 240 0
C4 0 240 0
F4 0 240 0
A4 0 240 0
C5 0 240 0
F5 0 240 0
A5 0 240 0
C6 0 240 0
F6 0 240 0
A6 0 240 0
A2 0 960 0
rest 480
rest 480
C4 0 480 0
F4 0 480 0
F3 0 480 0
C4 0 480 0
F1 0 960 0
Measure Number: 65
F7 0 480 0
rest 480
rest 480
rest 960
rest 480
C4 0 1440 0
F4 0 1440 0
C4 0 960 0
F4 0 960 0
F3 0 480 0
C4 0 480 0
Measure Number: 66
rest 2880
C4 0 1440 0
F4 0 1440 0
C4 0 960 0
F4 0 960 0
F3 0 480 0
C4 0 480 0
Measure Number: 67
rest 960
rest 480
rest 480
rest 480
F4 0 480 0
C4 0 480 0
C4 0 960 0
F4 0 960 0
F3 0 480 0
C4 0 480 0
C4 0 480 0
F4 0 480 0
F3 0 480 0
C4 0 480 0
rest 480
Measure Number: 68
F4 0 1440 0
G4 0 960 0
G4 0 480 0
C4 0 1440 0
D4 0 1440 0
B1 0 480 -1
B2 0 480 -1
A3 0 480 -1
F3 0 480 0
C4 0 480 0
B3 0 480 -1
Measure Number: 69
E4 0 1440 -1
E4 0 480 -1
E5 0 720 -1
D5 0 240 0
E4 0 1440 -1
E2 0 480 -1
B2 0 480 -1
E3 0 480 -1
G3 0 480 0
B3 0 480 -1
E4 0 480 -1
Measure Number: 70
C5 0 1440 0
D5 0 960 0
D5 0 480 0
G4 0 1440 0
A4 0 1440 0
C4 0 480 0
E4 0 480 -1
F3 0 480 0
E4 0 480 -1
G4 0 480 0
F4 0 480 0
Measure Number: 71
B4 0 1440 -1
B5 0 960 -1
B5 0 480 -1
B4 0 1440 -1
B2 0 480 -1
F3 0 480 0
B3 0 480 -1
D4 0 480 0
F4 0 480 0
B4 0 480 -1
Measure Number: 72
B5 0 960 -1
A5 0 480 -1
A5 0 480 -1
G5 0 480 0
F5 0 480 1
C4 0 480 0
E4 0 480 -1
F3 0 480 0
B3 0 480 -1
D4 0 480 0
A4 0 480 -1
Measure Number: 73
F5 0 960 1
G5 0 960 0
A5 0 720 -1
E5 0 240 -1
B3 0 480 -1
D4 0 480 0
E3 0 480 -1
A3 0 480 -1
C4 0 480 0
G4 0 480 0
Measure Number: 74
G5 0 960 0
F5 0 960 0
G5 0 720 0
D5 0 240 0
A3 0 480 -1
C4 0 480 0
D3 0 480 0
G3 0 480 0
B3 0 480 0
F4 0 480 0
Measure Number: 75
F5 0 480 0
E5 0 480 -1
D5 0 480 0
C5 0 160 0
D5 0 160 0
C5 0 160 0
B4 0 240 0
C5 0 240 0
D5 0 240 0
E5 0 240 -1
G3 0 480 0
C4 0 480 0
C3 0 480 0
F3 0 480 0
A3 0 480 0
E4 0 480 -1
Measure Number: 76
F4 0 1440 0
G4 0 960 0
G4 0 480 0
C4 0 1440 0
D4 0 1440 0
F3 0 480 0
A3 0 480 -1
B2 0 480 -1
A3 0 480 -1
C4 0 480 0
B3 0 480 -1
Measure Number: 77
E4 0 1440 -1
E4 0 480 -1
E5 0 720 -1
D5 0 240 0
E4 0 1440 -1
E2 0 480 -1
B2 0 480 -1
E3 0 480 -1
G3 0 480 0
B3 0 480 -1
E4 0 480 -1
Measure Number: 78
C5 0 1440 0
D5 0 960 0
D5 0 480 0
G4 0 1440 0
A4 0 1440 0
C4 0 480 0
E4 0 480 -1
F3 0 480 0
E4 0 480 -1
G4 0 480 0
F4 0 480 0
Measure Number: 79
B4 0 1440 -1
B5 0 960 -1
B5 0 480 -1
B4 0 1440 -1
B2 0 480 -1
F3 0 480 0
B3 0 480 -1
D4 0 480 0
F4 0 480 0
B4 0 480 -1
Measure Number: 80
B5 0 1440 -1
C5 0 960 0
D5 0 480 0
C2 0 480 0
E4 0 480 0
B3 0 480 -1
G3 0 480 0
E4 0 480 0
B3 0 480 -1
G3 0 1440 0
Measure Number: 81
E5 0 160 -1
F5 0 160 0
E5 0 160 -1
D5 0 480 0
E5 0 480 -1
G5 0 480 0
G5 0 480 0
G5 0 160 0
F5 0 160 0
E5 0 160 -1
F3 0 480 0
E4 0 480 -1
A3 0 480 0
B2 0 480 -1
D4 0 480 0
A3 0 480 -1
F3 0 1440 0
B2 0 480 -1
Measure Number: 82
E5 0 1440 -1
rest 480
G4 0 240 0
A4 0 240 -1
B4 0 160 -1
D5 0 160 0
C5 0 160 0
E2 0 240 -1
B2 0 240 -1
G3 0 240 0
E3 0 240 -1
B3 0 240 -1
G3 0 240 0
E4 0 480 -1
rest 480
rest 480
Measure Number: 83
B4 0 1440 -1
B4 0 480 -1
G4 0 240 0
A4 0 240 -1
B4 0 160 -1
D5 0 160 0
C5 0 160 0
E2 0 240 -1
B2 0 240 -1
G3 0 240 0
E3 0 240 -1
B3 0 240 -1
G3 0 240 0
E4 0 480 -1
rest 480
rest 480
Measure Number: 84
B4 0 1440 -1
B4 0 480 -1
F4 0 240 0
A4 0 240 -1
B4 0 160 -1
D5 0 160 0
C5 0 160 0
E2 0 240 -1
B2 0 240 -1
A3 0 240 -1
F3 0 240 0
B3 0 240 -1
A3 0 240 -1
D4 0 480 0
rest 480
rest 480
Measure Number: 85
B4 0 480 -1
B4 0 160 -1
D4 0 160 -1
E4 0 160 -1
G4 0 160 0
C5 0 160 0
B4 0 160 -1
A4 0 480 -1
A4 0 240 -1
C4 0 240 -1
E4 0 240 -1
F4 0 240 0
D4 0 320 -1
C4 0 480 -1
E2 0 240 -1
B2 0 240 -1
G3 0 480 0
rest 480
E2 0 240 -1
C3 0 240 -1
A3 0 480 -1
rest 480
Measure Number: 86
G4 0 960 0
rest 480
rest 480
G4 0 240 0
A4 0 240 -1
B4 0 160 -1
D5 0 160 0
C5 0 160 0
E2 0 240 -1
B2 0 240 -1
G3 0 240 0
E3 0 240 -1
B3 0 240 -1
G3 0 240 0
E4 0 480 -1
rest 480
rest 480
B3 0 480 -1
Measure Number: 87
B4 0 480 -1
B5 0 1440 -1
rest 160
G4 0 160 0
A4 0 160 -1
B4 0 160 -1
D5 0 160 0
C5 0 160 0
E2 0 240 -1
B2 0 240 -1
G3 0 240 0
E3 0 240 -1
B3 0 240 -1
G3 0 240 0
E4 0 480 -1
rest 480
rest 480
Measure Number: 88
B4 0 480 -1
B5 0 1440 -1
rest 160
F4 0 160 0
A4 0 160 -1
B4 0 160 -1
D5 0 160 0
C5 0 160 0
E2 0 240 -1
B2 0 240 -1
A3 0 240 -1
F3 0 240 0
B3 0 240 -1
A3 0 240 -1
D4 0 480 0
rest 480
rest 480
Measure Number: 89
B4 0 480 -1
B4 0 160 -1
D4 0 160 -1
E4 0 160 -1
G4 0 160 0
C5 0 160 0
B4 0 160 -1
A4 0 480 -1
A4 0 240 -1
C4 0 240 -1
E4 0 240 -1
F4 0 240 0
D4 0 320 -1
C4 0 480 -1
E2 0 240 -1
B2 0 240 -1
G3 0 480 0
rest 480
E2 0 240 -1
C3 0 240 -1
A3 0 480 -1
rest 480
Measure Number: 90
G4 0 1440 0
G4 0 240 0
G4 0 240 0
B4 0 240 -1
G5 0 240 0
F5 0 240 0
E5 0 240 -1
E2 0 240 -1
B2 0 240 -1
G3 0 240 0
E3 0 240 -1
B3 0 240 -1
G3 0 240 0
E4 0 480 -1
rest 480
rest 480
B3 0 480 -1
Measure Number: 91
D5 0 1440 0
D5 0 240 0
B4 0 240 -1
D5 0 240 0
B5 0 240 -1
D5 0 240 0
E5 0 240 -1
G2 0 240 0
D3 0 240 0
B3 0 240 -1
G3 0 240 0
D4 0 240 0
B3 0 240 -1
G4 0 480 0
rest 480
rest 480
Measure Number: 92
E5 0 480 0
F5 0 960 0
F5 0 240 0
D5 0 240 0
F5 0 240 0
D6 0 240 0
C6 0 240 0
B5 0 240 -1
B2 0 240 -1
F3 0 240 0
D4 0 240 0
B3 0 240 -1
F4 0 240 0
D4 0 240 0
B4 0 480 -1
rest 480
rest 480
Measure Number: 93
G5 0 240 1
A5 0 240 0
F6 0 240 0
E6 0 240 0
D6 0 240 0
A5 0 240 0
D5 0 240 0
A4 0 240 0
F4 0 240 0
D4 0 240 0
E4 0 240 0
G4 0 0 0
F4 0 240 0
D3 0 240 0
A3 0 240 0
F4 0 240 0
D4 0 240 0
A4 0 240 0
F4 0 240 0
D5 0 480 0
rest 480
rest 480
Measure Number: 94
E3 0 1440 0
rest 240
D4 0 240 0
E4 0 240 0
G4 0 240 1
C5 0 240 0
B4 0 240 0
D4 0 960 0
E4 0 720 0
G4 0 480 1
rest 480
E2 0 480 0
E2 0 480 0
rest 480
E2 0 480 0
E2 0 480 0
Measure Number: 95
A4 0 1440 0
E5 0 1440 0
rest 480
C4 0 480 0
E4 0 480 0
C4 0 480 0
E4 0 480 0
rest 480
A4 0 480 0
A4 0 480 0
rest 480
E2 0 480 0
E2 0 480 0
rest 480
E3 0 480 0
A3 0 480 0
E3 0 480 0
A3 0 480 0
E4 0 1440 0
Measure Number: 96
D5 0 1440 0
rest 240
D4 0 240 0
E4 0 240 0
G4 0 240 1
C5 0 240 0
B4 0 240 0
rest 480
F4 0 480 0
A4 0 480 0
F4 0 480 0
A4 0 480 0
D4 0 960 0
E4 0 720 0
G4 0 480 1
rest 480
E3 0 480 0
A3 0 480 0
E3 0 480 0
A3 0 480 0
rest 480
E2 0 480 0
E2 0 480 0
D4 0 1440 0
Measure Number: 97
A4 0 1440 0
F4 0 1440 1
rest 480
C4 0 480 0
E4 0 480 0
C4 0 480 0
E4 0 480 0
rest 480
A3 0 480 0
C4 0 480 0
E4 0 480 0
A3 0 480 0
C4 0 480 0
E4 0 480 0
rest 480
E2 0 480 0
E2 0 480 0
rest 480
E2 0 480 0
E2 0 480 0
F3 0 1440 1
Measure Number: 98
G4 0 1440 1
rest 240
D4 0 240 0
E4 0 240 0
G4 0 240 1
C5 0 240 0
B4 0 240 0
rest 480
B3 0 480 0
E4 0 480 0
B3 0 480 0
E4 0 480 0
D4 0 960 0
E4 0 720 0
G4 0 480 1
rest 480
E2 0 480 0
E2 0 480 0
rest 480
E2 0 480 0
E2 0 480 0
G3 0 1440 1
rest 1440
Measure Number: 99
A4 0 1440 0
E5 0 1440 0
rest 480
C4 0 480 0
E4 0 480 0
C4 0 480 0
E4 0 480 0
rest 480
A4 0 480 0
C5 0 480 0
A4 0 480 0
C5 0 480 0
rest 480
E2 0 480 0
E2 0 480 0
rest 480
E3 0 480 0
A3 0 480 0
C4 0 480 0
E3 0 480 0
A3 0 480 0
C4 0 480 0
rest 1440
E4 0 1440 0
Measure Number: 100
F5 0 1440 1
rest 240
C4 0 240 0
E4 0 240 0
G4 0 240 1
B4 0 240 0
A4 0 240 0
rest 480
E4 0 480 0
A4 0 480 0
C5 0 480 0
E4 0 480 0
A4 0 480 0
C5 0 480 0
C4 0 960 0
E4 0 720 0
G4 0 480 1
rest 480
E3 0 480 0
A3 0 480 0
C4 0 480 0
E3 0 480 0
A3 0 480 0
C4 0 480 0
rest 480
E2 0 480 0
E2 0 480 0
F4 0 1440 1
rest 1440
Measure Number: 101
A4 0 1440 0
F5 0 1440 1
rest 480
C4 0 480 0
E4 0 480 0
C4 0 480 0
E4 0 480 0
rest 480
E4 0 480 0
A4 0 480 0
C5 0 480 0
E4 0 480 0
A4 0 480 0
C5 0 480 0
rest 480
E2 0 480 0
E2 0 480 0
rest 480
E3 0 480 0
A3 0 480 0
C4 0 480 0
E3 0 480 0
A3 0 480 0
C4 0 480 0
rest 1440
F4 0 1440 1
Measure Number: 102
G5 0 1440 1
F5 0 960 1
rest 240
G5 0 240 1
rest 480
A4 0 480 0
C5 0 480 0
D5 0 480 1
A4 0 480 0
C5 0 480 0
D5 0 480 1
rest 480
A4 0 480 0
C5 0 480 0
D5 0 480 1
rest 480
rest 480
E3 0 480 0
A3 0 480 0
C4 0 480 0
E3 0 480 0
A3 0 480 0
C4 0 480 0
rest 480
E3 0 480 0
A3 0 480 0
C4 0 480 0
rest 480
G4 0 1440 1
F4 0 960 1
rest 240
G4 0 240 1
Measure Number: 103
G5 0 1440 1
F5 0 960 1
rest 240
G5 0 240 1
rest 480
A4 0 480 0
C5 0 480 0
D5 0 480 1
A4 0 480 0
C5 0 480 0
D5 0 480 1
rest 480
A4 0 480 0
C5 0 480 0
D5 0 480 1
rest 480
rest 480
E3 0 480 0
A3 0 480 0
C4 0 480 0
E3 0 480 0
A3 0 480 0
C4 0 480 0
rest 480
E3 0 480 0
A3 0 480 0
C4 0 480 0
rest 480
G4 0 1440 1
F4 0 960 1
rest 240
G4 0 240 1
Measure Number: 104
G5 0 1440 1
F5 0 960 1
rest 240
G5 0 240 1
rest 480
A4 0 480 0
C5 0 480 0
D5 0 480 1
A4 0 480 0
C5 0 480 0
D5 0 480 1
rest 480
A4 0 480 0
C5 0 480 0
D5 0 480 1
rest 480
rest 480
E3 0 480 0
A3 0 480 0
C4 0 480 0
E3 0 480 0
A3 0 480 0
C4 0 480 0
rest 480
E3 0 480 0
A3 0 480 0
C4 0 480 0
rest 480
G4 0 1440 1
F4 0 960 1
rest 240
G4 0 240 1
Measure Number: 105
A5 0 1440 0
G5 0 960 1
A5 0 480 0
rest 480
C5 0 480 0
D5 0 480 1
F5 0 480 1
C5 0 480 0
D5 0 480 1
F5 0 480 1
rest 480
C5 0 480 0
D5 0 480 1
F5 0 480 1
C5 0 480 0
D5 0 480 1
F5 0 480 1
rest 480
E3 0 480 0
A3 0 480 0
C4 0 480 0
E3 0 480 0
A3 0 480 0
C4 0 480 0
rest 480
E3 0 480 0
A3 0 480 0
C4 0 480 0
E3 0 480 0
A3 0 480 0
C4 0 480 0
A4 0 1440 0
G4 0 960 1
A4 0 480 0
A4 0 240 0
A4 0 120 0
Measure Number: 106
B4 0 1440 0
D5 0 1440 0
E5 0 1440 0
G5 0 1440 1
B5 0 1440 0
D5 0 960 0
E5 0 960 0
G5 0 960 1
C6 0 960 1
D5 0 480 0
E5 0 480 0
G5 0 480 1
C6 0 480 1
E1 0 480 0
E2 0 480 0
E3 0 480 0
G3 0 480 1
D4 0 480 0
G3 0 480 1
D4 0 480 0
E4 0 480 0
B3 0 480 0
D4 0 480 0
G4 0 480 1
G3 0 480 1
D4 0 480 0
E4 0 480 0
E3 0 480 0
G3 0 480 1
D4 0 480 0
Measure Number: 107
A4 0 1440 0
C5 0 1440 1
A5 0 1440 0
A5 0 960 0
C6 0 960 1
A6 0 960 0
G5 0 480 1
C6 0 480 1
G6 0 480 1
A1 0 480 0
A2 0 480 0
E3 0 480 0
C4 0 480 1
A3 0 480 0
E4 0 480 0
C4 0 480 1
A4 0 480 0
A3 0 480 0
E4 0 480 0
E3 0 480 0
C4 0 480 1
Measure Number: 108
F5 0 1440 1
C6 0 1440 1
F6 0 1440 1
B5 0 960 0
D6 0 960 1
G6 0 960 1
A5 0 480 0
D6 0 480 1
G6 0 480 1
B1 0 480 0
B2 0 480 0
F3 0 480 1
B3 0 480 0
A3 0 480 0
D4 0 480 1
B3 0 480 0
F4 0 480 1
A3 0 480 0
D4 0 480 1
F3 0 480 1
B3 0 480 0
Measure Number: 109
E5 0 1440 0
G5 0 1440 1
E6 0 1440 0
E5 0 960 0
E6 0 960 0
E5 0 480 0
E6 0 480 0
E2 0 480 0
E3 0 480 0
E3 0 480 0
B3 0 480 0
G3 0 480 1
E4 0 480 0
B3 0 480 0
G4 0 480 1
G3 0 480 1
E4 0 480 0
E3 0 480 0
B3 0 480 0
Measure Number: 110
E5 0 960 0
E6 0 960 0
D5 0 480 0
D6 0 480 0
D5 0 160 0
D6 0 160 0
E5 0 160 0
E6 0 160 0
D5 0 160 0
D6 0 160 0
C5 0 240 1
C6 0 240 1
D5 0 240 0
D6 0 240 0
F5 0 240 1
F6 0 240 1
E5 0 240 0
E6 0 240 0
A5 0 2880 0
F2 0 480 1
F3 0 480 1
F3 0 480 1
D4 0 480 0
A3 0 480 0
A4 0 480 0
B1 0 480 0
B2 0 480 0
F3 0 480 1
D4 0 480 0
B3 0 480 0
A4 0 480 0
D4 0 960 0
Measure Number: 111
D5 0 960 0
D6 0 960 0
C5 0 480 1
C6 0 480 1
C5 0 160 1
C6 0 160 1
D5 0 160 0
D6 0 160 0
C5 0 160 1
C6 0 160 1
B4 0 240 1
B5 0 240 1
C5 0 240 1
C6 0 240 1
E5 0 240 0
E6 0 240 0
D5 0 240 0
D6 0 240 0
G5 0 2880 1
E2 0 480 0
E3 0 480 0
E3 0 480 0
C4 0 480 1
G3 0 480 1
G4 0 480 1
A1 0 480 0
A2 0 480 0
E3 0 480 0
C4 0 480 1
A3 0 480 0
G4 0 480 1
C4 0 960 1
Measure Number: 112
C5 0 480 1
C6 0 480 1
B4 0 720 0
B5 0 720 0
A4 0 240 1
A5 0 240 1
B4 0 360 0
B5 0 360 0
B4 0 360 1
B5 0 360 1
C5 0 360 1
C6 0 360 1
G4 0 360 1
G5 0 360 1
F5 0 1440 1
E5 0 1440 1
D2 0 480 0
D3 0 480 0
D3 0 480 0
B3 0 480 0
F3 0 480 1
F4 0 480 1
C2 0 480 1
C3 0 480 1
G3 0 480 1
C4 0 480 1
B3 0 480 0
E4 0 480 1
Measure Number: 113
B4 0 480 0
B5 0 480 0
A5 0 720 0
G5 0 240 1
F5 0 0 1
G5 0 0 1
F5 0 480 1
E5 0 240 1
F5 0 240 1
G5 0 240 1
A5 0 240 0
C5 0 1440 1
F5 0 1440 1
A4 0 480 0
B4 0 480 0
D5 0 480 1
A4 0 240 0
B4 0 240 0
D5 0 240 1
A4 0 240 0
B4 0 240 0
D5 0 240 1
A4 0 240 0
B4 0 240 0
D5 0 240 1
A4 0 240 0
B4 0 240 0
D5 0 240 1
A4 0 960 0
F1 0 480 1
F2 0 480 1
C4 0 480 1
A3 0 480 0
F4 0 480 1
B1 0 480 0
B2 0 480 0
B3 0 480 0
A3 0 480 0
D4 0 480 1
Measure Number: 114
D4 0 1440 0
E4 0 1440 0
G4 0 1440 1
B4 0 1440 0
E4 0 960 0
G4 0 960 1
C5 0 960 1
E5 0 960 0
D4 0 480 0
E4 0 480 0
G4 0 480 1
C5 0 480 1
E5 0 480 0
E1 0 480 0
E2 0 480 0
B2 0 480 0
G3 0 480 1
E3 0 480 0
B3 0 480 0
G3 0 480 1
D4 0 480 0
E3 0 480 0
B3 0 480 0
B2 0 480 0
G3 0 480 1
Measure Number: 115
A3 0 480 0
C4 0 480 1
A4 0 480 0
rest 480
A4 0 480 0
C5 0 480 1
A5 0 480 0
A5 0 960 0
C6 0 960 1
A6 0 960 0
G5 0 480 1
C6 0 480 1
G6 0 480 1
A1 0 480 0
A2 0 480 0
E3 0 480 0
C4 0 480 1
A3 0 480 0
E4 0 480 0
C4 0 480 1
A4 0 480 0
A3 0 480 0
E4 0 480 0
E3 0 480 0
C4 0 480 1
Measure Number: 116
F5 0 1440 1
C6 0 1440 1
F6 0 1440 1
B5 0 960 0
D6 0 960 1
G6 0 960 1
A5 0 480 0
D6 0 480 1
G6 0 480 1
B1 0 480 0
B2 0 480 0
F3 0 480 1
B3 0 480 0
A3 0 480 0
D4 0 480 1
B3 0 480 0
F4 0 480 1
A3 0 480 0
D4 0 480 1
F3 0 480 1
B3 0 480 0
Measure Number: 117
E5 0 960 0
G5 0 960 1
E6 0 960 0
rest 480
E6 0 960 0
E7 0 960 0
E6 0 360 0
E7 0 360 0
E6 0 120 0
E7 0 120 0
E2 0 480 0
E3 0 480 0
E3 0 480 0
B3 0 480 0
G3 0 480 1
E4 0 480 0
B3 0 480 0
G4 0 480 1
G3 0 480 1
E4 0 480 0
E3 0 480 0
B3 0 480 0
Measure Number: 118
E6 0 480 0
E7 0 480 0
rest 480
rest 480
F4 0 1440 1
F5 0 1440 1
E2 0 480 0
E3 0 480 0
E3 0 480 0
A3 0 480 1
F3 0 480 1
C4 0 480 1
A3 0 480 1
E4 0 480 0
F3 0 480 1
C4 0 480 1
E3 0 480 0
A3 0 480 1
Measure Number: 119
F4 0 480 1
F5 0 480 1
F4 0 480 1
F5 0 480 1
E4 0 240 1
E5 0 240 1
F4 0 240 1
F5 0 240 1
G4 0 240 1
G5 0 240 1
A4 0 240 1
A5 0 240 1
B4 0 240 0
B5 0 240 0
C5 0 240 1
C6 0 240 1
D5 0 240 0
D6 0 240 0
E5 0 240 0
E6 0 240 0
F4 0 160 1
F5 0 160 1
G4 0 160 1
G5 0 160 1
F4 0 160 1
F5 0 160 1
E1 0 480 0
E2 0 480 0
E3 0 480 0
A3 0 480 1
F3 0 480 1
C4 0 480 1
A3 0 480 1
E4 0 480 0
F3 0 480 1
C4 0 480 1
E3 0 480 0
A3 0 480 1
Measure Number: 120
F5 0 480 1
F6 0 480 1
rest 480
rest 480
G4 0 960 1
G5 0 960 1
G4 0 480 1
G5 0 480 1
E2 0 480 0
E3 0 480 0
E3 0 480 0
B3 0 480 1
G3 0 480 1
D4 0 480 1
B3 0 480 1
F4 0 480 1
G3 0 480 1
D4 0 480 1
E3 0 480 0
B3 0 480 1
Measure Number: 121
G4 0 240 1
G5 0 240 1
A5 0 240 0
G5 0 240 1
F4 0 240 2
F5 0 240 2
G4 0 240 1
G5 0 240 1
A4 0 240 1
A5 0 240 1
B4 0 240 1
B5 0 240 1
C5 0 240 1
C6 0 240 1
D5 0 240 1
D6 0 240 1
E5 0 240 0
E6 0 240 0
F5 0 240 1
F6 0 240 1
G4 0 960 1
E1 0 480 0
E2 0 480 0
E3 0 480 0
B3 0 480 1
G3 0 480 1
D4 0 480 1
B3 0 480 1
F4 0 480 1
G3 0 480 1
D4 0 480 1
E3 0 480 0
B3 0 480 1
Measure Number: 122
G5 0 480 1
G6 0 480 1
rest 480
rest 480
G4 0 960 1
G5 0 960 1
G4 0 480 1
G5 0 480 1
E2 0 480 0
E3 0 480 0
E3 0 480 0
C4 0 480 1
G3 0 480 1
E4 0 480 0
D2 0 480 1
D3 0 480 1
D3 0 480 1
B3 0 480 0
G3 0 480 1
D4 0 480 1
Measure Number: 123
G4 0 480 1
G5 0 480 1
F4 0 240 2
F5 0 240 2
G4 0 240 1
G5 0 240 1
A4 0 240 1
A5 0 240 1
B4 0 240 0
B5 0 240 0
C5 0 240 1
C6 0 240 1
D5 0 240 1
D6 0 240 1
E5 0 240 1
E6 0 240 1
F5 0 240 2
F6 0 240 2
G5 0 240 1
G6 0 240 1
A5 0 240 1
A6 0 240 1
G4 0 160 1
G5 0 160 1
A4 0 160 1
A5 0 160 1
G4 0 160 1
G5 0 160 1
C2 0 480 1
C3 0 480 1
C3 0 480 1
G3 0 480 1
E3 0 480 0
C4 0 480 1
G1 0 480 1
G2 0 480 1
B2 0 480 0
G3 0 480 1
D3 0 480 1
B3 0 480 0
Measure Number: 124
B5 0 480 0
A6 0 480 0
G6 0 240 1
B6 0 240 0
E6 0 240 1
D6 0 240 1
B5 0 240 0
G5 0 240 1
B5 0 240 0
E5 0 240 1
D5 0 240 1
B4 0 240 0
G4 0 240 1
B4 0 240 0
E4 0 240 1
E1 0 480 1
E2 0 480 1
rest 480
rest 480
E3 0 960 1
B3 0 960 0
D4 0 960 1
G4 0 960 1
rest 480
Measure Number: 125
D4 0 240 1
B3 0 240 0
G3 0 240 1
B3 0 240 0
E3 0 240 1
D3 0 240 1
B2 0 240 0
G3 0 240 1
B3 0 240 0
E3 0 240 1
D3 0 240 1
B2 0 240 0
A3 0 240 -1
F3 0 240 0
C4 0 480 -1
rest 2880
Measure Number: 126
B3 0 240 -1
A3 0 240 -1
C4 0 240 -1
F3 0 240 0
B3 0 240 -1
A3 0 240 -1
C4 0 240 -1
F3 0 240 0
B3 0 240 -1
A3 0 240 -1
C4 0 240 -1
F3 0 240 0
B1 0 480 -1
D3 0 480 0
rest 480
B1 0 480 -1
D3 0 480 0
rest 480
Measure Number: 127
B3 0 240 -1
A3 0 240 -1
C4 0 240 -1
F3 0 240 0
B3 0 240 -1
A3 0 240 -1
C4 0 240 -1
F3 0 240 0
B3 0 240 -1
A3 0 240 -1
C4 0 240 -1
F3 0 240 0
B1 0 480 -1
D3 0 480 0
rest 480
B1 0 480 -1
D3 0 480 0
rest 480
Measure Number: 128
B3 0 240 -1
A3 0 240 -1
C4 0 240 -1
F3 0 240 0
B3 0 240 -1
A3 0 240 -1
C4 0 240 -1
F3 0 240 0
B3 0 240 -1
A3 0 240 -1
C4 0 240 -1
F3 0 240 0
D3 0 480 0
F4 0 480 0
rest 480
D3 0 480 0
F4 0 480 0
rest 480
Measure Number: 129
B3 0 240 -1
A3 0 240 -1
C4 0 240 -1
F3 0 240 0
B3 0 240 -1
A3 0 240 -1
C4 0 240 -1
F3 0 240 0
B3 0 240 -1
A3 0 240 -1
C4 0 240 -1
F3 0 240 0
D3 0 480 0
F4 0 480 0
rest 480
D3 0 480 0
F4 0 480 0
rest 480
Measure Number: 130
B3 0 480 -1
B3 0 240 -1
D4 0 240 0
C4 0 240 -1
D4 0 240 0
C4 0 240 1
F4 0 240 0
D4 0 240 0
A4 0 240 -1
E4 0 240 0
A4 0 240 -1
B0 0 480 -1
rest 480
rest 480
B2 0 480 -1
F3 0 480 0
A3 0 480 -1
rest 480
rest 480
Measure Number: 131
F4 0 240 0
C5 0 240 -1
G4 0 240 0
C5 0 240 -1
A4 0 240 -1
D5 0 240 0
B4 0 240 -1
D5 0 240 0
C5 0 240 -1
D5 0 240 0
C5 0 240 1
F5 0 240 0
F3 0 480 0
A3 0 480 -1
D4 0 480 0
rest 480
rest 480
A3 0 480 -1
D4 0 480 0
F4 0 480 0
rest 480
rest 480
Measure Number: 132
D5 0 240 0
A5 0 240 -1
E5 0 240 0
A5 0 240 -1
F5 0 240 0
C6 0 240 -1
G5 0 240 0
C6 0 240 -1
A5 0 240 -1
D6 0 240 0
B5 0 240 -1
D6 0 240 0
B3 0 480 -1
F4 0 480 0
A4 0 480 -1
rest 480
rest 480
F4 0 480 0
A4 0 480 -1
D5 0 480 0
rest 480
rest 480
Measure Number: 133
C6 0 240 -1
D6 0 240 0
C6 0 240 1
F6 0 240 0
D6 0 240 0
A6 0 240 -1
E6 0 240 0
A6 0 240 -1
F6 0 240 0
C7 0 240 -1
G6 0 240 0
C7 0 240 -1
A4 0 480 -1
D5 0 480 0
F5 0 480 0
rest 480
rest 480
B4 0 480 -1
F5 0 480 0
A5 0 480 -1
rest 480
rest 480
Measure Number: 134
B6 0 240 -1
A6 0 240 -1
C7 0 240 -1
F6 0 240 0
B6 0 240 -1
A6 0 240 -1
C7 0 240 0
F6 0 240 0
B6 0 240 -1
A6 0 240 -1
C7 0 240 1
F6 0 240 0
F5 0 2880 0
A5 0 2880 -1
D6 0 2880 0
Measure Number: 135
B6 0 240 -1
A6 0 240 -1
D7 0 240 0
F6 0 240 0
B6 0 240 -1
A6 0 240 -1
E7 0 240 -1
F6 0 240 0
B6 0 240 -1
A6 0 240 -1
E7 0 240 0
F6 0 240 0
F5 0 1440 0
A5 0 1440 -1
D6 0 1440 0
E5 0 1440 -1
A5 0 1440 -1
C6 0 1440 0
Measure Number: 136
F7 0 240 0
D7 0 240 0
C7 0 240 1
E7 0 240 0
E7 0 240 -1
C7 0 240 0
B6 0 240 0
D7 0 240 0
C7 0 240 1
B6 0 240 -1
A6 0 240 0
C7 0 240 0
E5 0 1440 -1
A5 0 1440 -1
C6 0 1440 0
D5 0 480 0
A5 0 480 -1
B5 0 480 -1
rest 480
rest 480
Measure Number: 137
B6 0 240 0
A6 0 240 -1
G6 0 240 0
B6 0 240 -1
A6 0 240 -1
F6 0 240 0
D6 0 240 0
B5 0 240 -1
A5 0 240 0
B5 0 240 -1
A5 0 240 -1
B5 0 240 -1
A5 0 480 0
A5 0 480 -1
rest 2880
Measure Number: 138
F5 0 240 1
G5 0 240 0
G6 0 240 0
D6 0 240 0
E6 0 240 -1
B5 0 240 0
C6 0 240 0
G5 0 240 0
B5 0 240 -1
A5 0 240 -1
G5 0 240 0
F5 0 240 0
E3 0 480 -1
C5 0 480 0
B4 0 480 -1
B2 0 480 -1
A3 0 480 0
B3 0 480 -1
E4 0 960 -1
G4 0 960 0
D4 0 960 0
A4 0 960 -1
Measure Number: 139
F5 0 240 1
G5 0 240 0
G6 0 240 0
D6 0 240 0
E6 0 240 -1
B5 0 240 0
C6 0 240 0
G5 0 240 0
B5 0 240 -1
A5 0 240 -1
G5 0 240 0
F5 0 240 0
E3 0 480 -1
C5 0 480 0
B4 0 480 -1
B2 0 480 -1
A3 0 480 0
B3 0 480 -1
E4 0 960 -1
G4 0 960 0
D4 0 960 0
A4 0 960 -1
Measure Number: 140
F5 0 240 1
G5 0 240 0
G6 0 240 0
D6 0 240 0
E6 0 240 -1
B5 0 240 0
C6 0 240 0
G5 0 240 0
B5 0 240 -1
A5 0 240 -1
G5 0 240 0
F5 0 240 0
E3 0 480 -1
A4 0 480 -1
G4 0 480 0
A2 0 480 -1
G4 0 480 0
F4 0 480 0
B3 0 960 -1
E4 0 960 -1
A3 0 960 -1
C4 0 960 0
Measure Number: 141
E5 0 240 -1
A5 0 240 -1
F5 0 240 0
D5 0 240 0
A5 0 240 -1
F5 0 240 0
C5 0 240 0
A5 0 240 -1
F5 0 240 0
B4 0 240 -1
A5 0 240 -1
F5 0 240 0
E5 0 720 -1
D5 0 720 0
C5 0 720 0
B4 0 720 -1
B2 0 480 -1
E4 0 480 -1
D4 0 480 0
B2 0 480 -1
C4 0 480 0
B3 0 480 -1
F3 0 960 0
A3 0 960 -1
F3 0 960 0
A3 0 960 -1
Measure Number: 142
F5 0 240 1
G5 0 240 0
G6 0 240 0
D6 0 240 0
E6 0 240 -1
B5 0 240 0
C6 0 240 0
G5 0 240 0
B5 0 240 -1
A5 0 240 -1
G5 0 240 0
F5 0 240 0
E3 0 480 -1
C5 0 480 0
B4 0 480 -1
B2 0 480 -1
A3 0 480 0
B3 0 480 -1
E4 0 960 -1
G4 0 960 0
D4 0 960 0
A4 0 960 -1
Measure Number: 143
F5 0 240 1
G5 0 240 0
G6 0 240 0
D6 0 240 0
E6 0 240 -1
B5 0 240 0
C6 0 240 0
G5 0 240 0
B5 0 240 -1
A5 0 240 -1
G5 0 240 0
F5 0 240 0
E3 0 480 -1
C5 0 480 0
B4 0 480 -1
B2 0 480 -1
A3 0 480 0
B3 0 480 -1
E4 0 960 -1
G4 0 960 0
D4 0 960 0
A4 0 960 -1
Measure Number: 144
F5 0 240 1
G5 0 240 0
G6 0 240 0
D6 0 240 0
E6 0 240 -1
B5 0 240 0
C6 0 240 0
G5 0 240 0
B5 0 240 -1
A5 0 240 -1
G5 0 240 0
F5 0 240 0
E3 0 480 -1
F5 0 480 0
E5 0 480 -1
A2 0 480 -1
G4 0 480 0
F4 0 480 0
G4 0 960 0
B4 0 960 -1
A3 0 960 -1
C4 0 960 0
Measure Number: 145
F5 0 240 -1
E5 0 240 -1
D5 0 240 0
D5 0 240 -1
C5 0 240 0
C5 0 240 -1
B4 0 240 -1
A4 0 240 0
C5 0 240 0
B4 0 240 -1
A4 0 240 0
A4 0 240 -1
B2 0 480 -1
rest 480
F3 0 480 0
A3 0 480 -1
D4 0 480 0
F3 0 480 0
A3 0 480 -1
D4 0 480 0
F3 0 480 0
A3 0 480 -1
D4 0 480 0
F3 0 480 0
A3 0 480 -1
D4 0 480 0
Measure Number: 146
G4 0 240 0
A4 0 240 -1
A4 0 240 0
B4 0 240 -1
C5 0 240 0
B4 0 240 -1
A4 0 240 -1
B4 0 240 -1
B4 0 240 0
C5 0 240 0
D5 0 240 -1
C5 0 240 0
E3 0 480 -1
B3 0 480 -1
D4 0 480 -1
rest 240
E2 0 240 -1
E3 0 240 -1
E2 0 480 -1
E3 0 480 -1
A3 0 480 -1
C4 0 480 0
G2 0 480 0
G3 0 480 0
G2 0 480 -1
G3 0 480 -1
Measure Number: 147
A4 0 240 0
B4 0 240 -1
B4 0 240 0
C5 0 240 0
D5 0 240 0
C5 0 240 0
B4 0 240 -1
C5 0 240 0
C5 0 240 1
D5 0 240 0
E5 0 240 -1
D5 0 240 0
A3 0 480 0
E4 0 480 -1
rest 240
F2 0 240 0
F3 0 240 0
F2 0 480 0
F3 0 480 0
B3 0 480 -1
D4 0 480 0
A2 0 480 0
A3 0 480 0
A2 0 480 -1
A3 0 480 -1
Measure Number: 148
B4 0 240 0
C5 0 240 0
C5 0 240 1
D5 0 240 0
E5 0 240 -1
D5 0 240 0
C5 0 240 0
C5 0 240 1
D5 0 240 0
E5 0 240 -1
E5 0 240 0
F5 0 240 0
B3 0 480 0
F4 0 480 0
rest 240
G2 0 240 0
G3 0 240 0
G2 0 480 0
G3 0 480 0
C4 0 480 0
E4 0 480 -1
C2 0 480 0
C3 0 480 0
rest 480
Measure Number: 149
G5 0 240 0
F5 0 240 0
E5 0 240 0
E5 0 240 -1
D5 0 240 0
D5 0 240 -1
C5 0 240 0
B4 0 240 0
B4 0 240 -1
A4 0 240 0
B4 0 240 -1
A4 0 240 -1
A3 0 480 -1
E4 0 480 -1
C3 0 480 -1
rest 480
A3 0 480 -1
D4 0 480 0
B2 0 480 -1
rest 480
Measure Number: 150
G4 0 480 0
B3 0 240 -1
B4 0 240 -1
D4 0 240 0
C5 0 240 -1
B3 0 240 -1
B4 0 240 -1
E4 0 240 -1
G4 0 240 0
E4 0 240 0
D5 0 240 -1
D4 0 480 0
E4 0 480 -1
E4 0 480 0
E2 0 480 -1
E3 0 480 -1
G2 0 480 0
G3 0 480 0
A2 0 480 -1
A3 0 480 -1
G2 0 480 0
G3 0 480 0
E2 0 480 -1
E3 0 480 -1
B2 0 480 -1
B3 0 480 -1
Measure Number: 151
C4 0 240 0
C5 0 240 0
F4 0 240 0
A4 0 240 0
E4 0 240 0
D5 0 240 -1
C4 0 240 0
C5 0 240 0
F4 0 240 0
A4 0 240 0
F4 0 240 1
E5 0 240 -1
E4 0 480 0
F4 0 480 0
E4 0 480 0
E4 0 480 0
F4 0 480 0
F4 0 480 1
A2 0 480 0
A3 0 480 0
F2 0 480 0
F3 0 480 0
B2 0 480 -1
B3 0 480 -1
A2 0 480 0
A3 0 480 0
F2 0 480 0
F3 0 480 0
C3 0 480 0
C4 0 480 0
Measure Number: 152
D4 0 240 0
D5 0 240 0
G4 0 240 0
B4 0 240 0
F4 0 240 1
E5 0 240 -1
D4 0 240 0
D5 0 240 0
G4 0 240 0
B4 0 240 0
G4 0 240 1
F5 0 240 0
F4 0 480 1
G4 0 480 0
F4 0 480 1
F4 0 480 1
G4 0 480 0
G4 0 480 1
B2 0 480 0
B3 0 480 0
G2 0 480 0
G3 0 480 0
C3 0 480 0
C4 0 480 0
B2 0 480 0
B3 0 480 0
G2 0 480 0
G3 0 480 0
D3 0 480 0
D4 0 480 0
Measure Number: 153
E4 0 240 0
E5 0 240 0
A4 0 240 0
C5 0 240 1
A4 0 240 1
F5 0 240 0
F4 0 240 1
F5 0 240 1
B4 0 240 0
D5 0 240 1
B4 0 240 1
A5 0 240 0
G4 0 480 1
A4 0 480 0
A4 0 480 1
A4 0 480 1
B4 0 480 0
B4 0 480 1
C3 0 480 1
C4 0 480 1
A2 0 480 0
A3 0 480 0
E3 0 480 0
E4 0 480 0
D3 0 480 1
D4 0 480 1
B2 0 480 0
B3 0 480 0
D3 0 480 0
D4 0 480 0
Measure Number: 154
C5 0 480 1
F5 0 480 1
A5 0 480 0
C6 0 480 1
B4 0 240 1
C5 0 240 1
D5 0 240 1
E5 0 240 1
F5 0 240 1
G5 0 240 1
A5 0 240 0
B5 0 240 0
C6 0 240 1
D6 0 240 1
C2 0 480 1
C3 0 480 1
rest 240
A3 0 240 0
C4 0 240 1
F4 0 240 1
A4 0 240 0
A3 0 480 0
C4 0 480 1
F4 0 480 1
A4 0 480 0
A3 0 480 0
C4 0 480 1
F4 0 480 1
A4 0 480 0
A3 0 480 0
C4 0 480 1
F4 0 480 1
A4 0 480 0
A3 0 480 0
C4 0 480 1
F4 0 480 1
A4 0 480 0
Measure Number: 155
E6 0 240 1
F6 0 240 1
G6 0 240 1
A6 0 240 0
F6 0 240 1
C6 0 240 1
A5 0 240 0
F5 0 240 1
C5 0 240 1
A4 0 240 0
F4 0 240 1
C4 0 240 1
A3 0 1440 0
C4 0 1440 1
F4 0 1440 1
A4 0 1440 0
rest 480
rest 480
C2 0 480 1
C3 0 480 1
Measure Number: 156
A3 0 240 0
F4 0 240 1
D4 0 240 1
A4 0 240 0
A4 0 240 0
F5 0 240 1
D5 0 240 1
A5 0 240 0
A5 0 240 0
F6 0 240 1
D6 0 240 1
A6 0 240 0
B1 0 480 1
B2 0 480 1
rest 240
F3 0 240 1
A3 0 240 0
D4 0 240 1
F3 0 480 1
A3 0 480 0
D4 0 480 1
F3 0 480 1
A3 0 480 0
D4 0 480 1
rest 480
C2 0 480 0
C3 0 480 0
Measure Number: 157
F6 0 240 1
A6 0 240 0
E6 0 240 -1
A5 0 240 0
F5 0 240 1
A5 0 240 0
E5 0 240 -1
A4 0 240 0
F4 0 240 1
A4 0 240 0
E4 0 240 -1
A3 0 240 0
C2 0 480 -1
C3 0 480 -1
rest 240
F3 0 240 1
A3 0 240 0
E4 0 240 -1
F3 0 480 1
A3 0 480 0
E4 0 480 -1
F3 0 480 1
A3 0 480 0
E4 0 480 -1
rest 480
C2 0 480 -1
C3 0 480 -1
Measure Number: 158
B3 0 480 -1
E4 0 480 -1
G4 0 480 0
B4 0 480 -1
A3 0 240 0
B3 0 240 -1
C4 0 240 0
D4 0 240 0
E4 0 240 -1
E4 0 240 0
G4 0 240 0
F4 0 240 0
G4 0 240 0
F4 0 240 0
B1 0 480 -1
B2 0 480 -1
rest 480
rest 480
rest 480
A3 0 480 0
C4 0 480 0
E4 0 480 -1
A3 0 480 -1
B3 0 480 -1
D4 0 480 0
Measure Number: 159
C5 0 240 0
B4 0 240 -1
A4 0 240 0
B4 0 240 -1
C5 0 240 0
D5 0 240 0
E5 0 240 -1
E5 0 240 0
G5 0 240 0
F5 0 240 0
G5 0 240 0
F5 0 240 0
G3 0 480 0
B3 0 480 -1
E4 0 480 -1
rest 480
rest 480
rest 480
A4 0 480 0
C5 0 480 0
E5 0 480 -1
A4 0 480 -1
B4 0 480 -1
D5 0 480 0
Measure Number: 160
C6 0 240 0
B5 0 240 -1
A5 0 240 0
B5 0 240 -1
C6 0 240 0
D6 0 240 0
E6 0 240 -1
E6 0 240 0
G6 0 240 0
F6 0 240 0
G6 0 240 0
F6 0 240 0
G4 0 480 0
B4 0 480 -1
E5 0 480 -1
rest 480
rest 480
rest 480
A5 0 480 0
C6 0 480 0
E6 0 480 -1
A5 0 480 -1
B5 0 480 -1
D6 0 480 0
Measure Number: 161
B6 0 480 -1
A5 0 240 0
B5 0 240 -1
C6 0 240 0
D6 0 240 0
E6 0 240 -1
E6 0 240 0
G6 0 240 0
F6 0 240 0
G6 0 240 0
F6 0 240 0
G5 0 480 0
B5 0 480 -1
E6 0 480 -1
rest 480
rest 480
rest 480
A5 0 480 0
C6 0 480 0
E6 0 480 -1
A5 0 480 -1
B5 0 480 -1
D6 0 480 0
Measure Number: 162
B6 0 480 -1
rest 480
rest 480
F6 0 0 0
F7 0 240 0
E7 0 240 0
E7 0 240 -1
D7 0 240 0
C7 0 240 0
B6 0 240 -1
F6 0 240 0
F7 0 240 0
G5 0 480 0
B5 0 480 -1
E6 0 480 -1
rest 480
rest 480
C4 0 480 0
E4 0 480 -1
F4 0 480 0
A4 0 480 0
rest 960
Measure Number: 163
A6 0 240 0
G6 0 240 0
F6 0 240 0
E6 0 240 0
E6 0 240 -1
D6 0 240 0
C6 0 240 0
B5 0 240 -1
A5 0 240 0
G5 0 240 0
F5 0 240 0
E5 0 240 0
rest 2880
Measure Number: 164
E5 0 240 -1
D5 0 240 -1
C5 0 240 -1
B4 0 240 -1
A4 0 240 -1
G4 0 240 -1
F4 0 240 0
E4 0 240 -1
D4 0 240 -1
C4 0 240 -1
B3 0 240 -1
A3 0 240 -1
C3 0 480 -1
E3 0 480 -1
A3 0 480 -1
E4 0 480 -1
rest 480
rest 1920
Measure Number: 165
G3 0 240 -1
F3 0 240 0
E3 0 240 -1
D3 0 240 -1
C3 0 240 -1
B2 0 240 -1
A2 0 240 -1
G2 0 240 -1
F2 0 240 0
E2 0 240 -1
D2 0 240 -1
C2 0 240 -1
C2 0 480 -1
rest 480
rest 480
rest 1440
Measure Number: 166
rest 1440
B3 0 960 -1
D4 0 960 0
G4 0 960 0
A3 0 480 -1
D4 0 480 0
G4 0 480 0
B1 0 240 -1
F2 0 240 0
B2 0 240 -1
D3 0 240 0
B2 0 240 -1
F2 0 240 0
B1 0 240 -1
F2 0 240 0
B2 0 240 -1
F3 0 240 0
B2 0 240 -1
F2 0 240 0
Measure Number: 167
G3 0 480 0
E4 0 480 -1
rest 480
E4 0 480 -1
G4 0 480 0
E5 0 480 -1
E4 0 960 -1
G4 0 960 0
E5 0 960 -1
E4 0 480 -1
B4 0 480 -1
D5 0 480 0
E2 0 240 -1
B2 0 240 -1
E3 0 240 -1
G3 0 240 0
E3 0 240 -1
B2 0 240 -1
E2 0 240 -1
C3 0 240 0
E3 0 240 -1
B3 0 240 -1
E3 0 240 -1
B2 0 240 -1
Measure Number: 168
E4 0 1440 -1
B4 0 1440 -1
C5 0 1440 0
F4 0 960 0
A4 0 960 0
D5 0 960 0
E4 0 480 -1
A4 0 480 0
D5 0 480 0
F2 0 240 0
C3 0 240 0
E3 0 240 -1
B3 0 240 -1
E3 0 240 -1
C3 0 240 0
F2 0 240 0
C3 0 240 0
E3 0 240 -1
A3 0 240 0
E3 0 240 -1
C3 0 240 0
Measure Number: 169
D4 0 480 0
B4 0 480 -1
rest 480
rest 480
B4 0 960 -1
B5 0 960 -1
B4 0 480 0
B5 0 480 0
B2 0 240 -1
F3 0 240 0
B3 0 240 -1
D4 0 240 0
B3 0 240 -1
F3 0 240 0
B2 0 240 -1
F3 0 240 0
B3 0 240 -1
F4 0 240 0
B3 0 240 -1
F3 0 240 0
Measure Number: 170
C5 0 288 0
C6 0 288 0
B5 0 288 -1
D6 0 288 -1
E5 0 288 0
C6 0 288 0
B5 0 288 -1
B5 0 288 0
E5 0 288 0
C6 0 288 0
A5 0 0 -1
C6 0 0 0
A5 0 480 -1
A6 0 480 -1
rest 480
rest 240
E5 0 240 -1
C6 0 240 0
B2 0 240 -1
G3 0 240 0
C4 0 240 0
E4 0 240 0
C4 0 240 0
G3 0 240 0
B2 0 240 -1
A3 0 240 -1
C4 0 240 0
F4 0 240 0
C4 0 240 0
A3 0 240 -1
Measure Number: 171
D5 0 288 0
B5 0 288 -1
A5 0 288 -1
C6 0 288 0
D5 0 288 0
B5 0 288 -1
A5 0 288 -1
A5 0 288 0
D5 0 288 0
B5 0 288 -1
G5 0 0 0
B5 0 0 -1
G5 0 480 0
G6 0 480 0
rest 480
rest 240
D5 0 240 0
B5 0 240 -1
B2 0 240 -1
F3 0 240 0
A3 0 240 -1
D4 0 240 0
A3 0 240 -1
F3 0 240 0
B2 0 240 -1
E3 0 240 -1
G3 0 240 0
E4 0 240 -1
G3 0 240 0
E3 0 240 -1
Measure Number: 172
C5 0 288 0
A5 0 288 -1
E5 0 288 -1
B5 0 288 -1
C5 0 288 0
A5 0 288 -1
E5 0 288 -1
G5 0 288 0
C5 0 288 0
A5 0 288 -1
F5 0 0 0
A5 0 0 -1
F5 0 480 0
F6 0 480 0
rest 480
F5 0 480 0
A5 0 480 -1
B2 0 240 -1
E3 0 240 -1
A3 0 240 -1
C4 0 240 0
A3 0 240 -1
E3 0 240 -1
B2 0 240 -1
F3 0 240 0
A3 0 240 -1
D4 0 240 0
A3 0 240 -1
F3 0 240 0
Measure Number: 173
F5 0 480 0
G5 0 480 0
B5 0 0 -1
F5 0 720 0
A5 0 720 -1
F5 0 240 0
G5 0 240 0
E5 0 480 -1
G5 0 480 0
E5 0 480 -1
A5 0 480 -1
E5 0 480 -1
A5 0 480 0
B2 0 240 0
F3 0 240 0
G3 0 240 0
D4 0 240 0
G3 0 240 0
F3 0 240 0
C3 0 240 0
E3 0 240 -1
G3 0 240 0
E4 0 240 -1
G3 0 240 -1
E3 0 240 -1
Measure Number: 174
B5 0 1440 -1
B5 0 960 -1
B5 0 480 -1
A4 0 1440 -1
B4 0 1440 -1
F5 0 1440 0
A4 0 960 -1
B4 0 960 -1
D5 0 960 0
G5 0 960 0
A4 0 480 -1
B4 0 480 -1
D5 0 480 0
G5 0 480 0
D3 0 240 0
A3 0 240 -1
B3 0 240 -1
F4 0 240 0
B3 0 240 -1
A3 0 240 -1
B2 0 240 -1
F3 0 240 0
B3 0 240 -1
D4 0 240 0
B3 0 240 -1
F3 0 240 0
Measure Number: 175
E5 0 480 -1
rest 480
rest 480
E5 0 960 -1
G5 0 960 0
E6 0 960 -1
E5 0 480 -1
B5 0 480 -1
D6 0 480 0
G4 0 480 0
E2 0 240 -1
B2 0 240 -1
E3 0 240 -1
G3 0 240 0
B3 0 240 -1
E4 0 240 -1
G4 0 240 0
E4 0 240 -1
B3 0 240 -1
G3 0 240 0
E3 0 240 -1
B2 0 240 -1
Measure Number: 176
E5 0 1440 -1
B5 0 1440 -1
C6 0 1440 0
F5 0 960 0
A5 0 960 0
D6 0 960 0
E5 0 480 -1
A5 0 480 0
D6 0 480 0
F2 0 240 0
C3 0 240 0
E3 0 240 -1
B3 0 240 -1
E3 0 240 -1
C3 0 240 0
F2 0 240 0
C3 0 240 0
E3 0 240 -1
A3 0 240 0
E3 0 240 -1
C3 0 240 0
Measure Number: 177
D5 0 480 0
B5 0 480 -1
rest 480
rest 480
B5 0 960 -1
B6 0 960 -1
rest 240
B5 0 240 -1
B6 0 240 -1
B1 0 240 -1
B2 0 240 -1
F3 0 240 0
B3 0 240 -1
D4 0 240 0
F4 0 240 0
D5 0 240 0
B4 0 240 -1
F4 0 240 0
D4 0 240 0
B3 0 240 -1
F3 0 240 0
Measure Number: 178
B5 0 960 -1
B6 0 960 -1
rest 480
C5 0 960 0
D5 0 480 0
C4 0 480 0
rest 480
D4 0 480 0
B2 0 240 -1
E3 0 240 0
G3 0 240 0
C4 0 240 0
G3 0 240 0
E3 0 240 0
B2 0 240 -1
E3 0 240 0
G3 0 240 0
C4 0 240 0
G3 0 240 0
E3 0 240 0
Measure Number: 179
E5 0 360 -1
D5 0 360 0
E5 0 360 -1
G5 0 360 0
D5 0 360 0
G5 0 360 0
G5 0 720 0
G5 0 120 0
F5 0 120 0
E5 0 120 -1
E4 0 360 -1
D4 0 360 0
E4 0 360 -1
G4 0 360 0
G4 0 360 0
A4 0 360 -1
B4 0 360 -1
A4 0 360 -1
D5 0 1080 0
B2 0 240 -1
F3 0 240 0
A3 0 240 0
C4 0 240 0
A3 0 240 0
F3 0 240 0
B2 0 240 -1
F3 0 240 0
A3 0 240 -1
D4 0 240 0
A3 0 240 -1
F3 0 240 0
Measure Number: 180
E5 0 960 -1
rest 480
rest 480
rest 160
G4 0 160 0
A4 0 160 -1
B4 0 160 -1
D5 0 160 0
C5 0 160 0
G4 0 960 0
E2 0 240 -1
B2 0 240 -1
E3 0 240 -1
G3 0 240 0
E3 0 240 -1
B2 0 240 -1
E2 0 240 -1
B2 0 240 -1
E3 0 240 -1
B3 0 240 -1
E3 0 240 -1
B2 0 240 -1
Measure Number: 181
B4 0 1440 -1
rest 480
rest 160
G4 0 160 0
A4 0 160 -1
B4 0 160 -1
D5 0 160 0
C5 0 160 0
E2 0 240 -1
B2 0 240 -1
E3 0 240 -1
G3 0 240 0
E3 0 240 -1
B2 0 240 -1
E2 0 240 -1
B2 0 240 -1
E3 0 240 -1
B3 0 240 -1
E3 0 240 -1
B2 0 240 -1
Measure Number: 182
B4 0 1440 -1
rest 480
rest 160
F4 0 160 0
A4 0 160 -1
B4 0 160 -1
D5 0 160 0
C5 0 160 0
E2 0 240 -1
B2 0 240 -1
D3 0 240 0
A3 0 240 -1
D3 0 240 0
B2 0 240 -1
E2 0 240 -1
B2 0 240 -1
D3 0 240 0
B3 0 240 -1
D3 0 240 0
B2 0 240 -1
Measure Number: 183
B4 0 480 -1
rest 160
D4 0 160 0
E4 0 160 -1
G4 0 160 0
C5 0 160 0
B4 0 160 -1
A4 0 480 -1
A4 0 240 -1
C4 0 240 -1
E4 0 240 -1
F4 0 240 0
D4 0 320 0
C4 0 480 -1
E2 0 240 -1
B2 0 240 -1
E3 0 240 -1
G3 0 240 0
E3 0 240 -1
B2 0 240 -1
E2 0 240 -1
C3 0 240 -1
E3 0 240 -1
A3 0 240 -1
E3 0 240 -1
C3 0 240 -1
Measure Number: 184
G4 0 480 0
rest 480
rest 480
rest 480
rest 160
G4 0 160 0
A4 0 160 -1
B4 0 160 -1
D5 0 160 0
C5 0 160 0
E2 0 240 -1
B2 0 240 -1
E3 0 240 -1
G3 0 240 0
E3 0 240 -1
B2 0 240 -1
E2 0 240 -1
B2 0 240 -1
E3 0 240 -1
B3 0 240 -1
E3 0 240 -1
B2 0 240 -1
Measure Number: 185
B4 0 240 -1
B5 0 240 -1
B6 0 480 -1
rest 480
rest 480
rest 160
G4 0 160 0
A4 0 160 -1
B4 0 160 -1
D5 0 160 0
C5 0 160 0
E2 0 240 -1
B2 0 240 -1
E3 0 240 -1
G3 0 240 0
E3 0 240 -1
B2 0 240 -1
E2 0 240 -1
B2 0 240 -1
E3 0 240 -1
B3 0 240 -1
E3 0 240 -1
B2 0 240 -1
Measure Number: 186
B4 0 240 -1
B5 0 240 -1
B6 0 480 -1
rest 480
rest 480
rest 160
F4 0 160 0
A4 0 160 -1
B4 0 160 -1
D5 0 160 0
C5 0 160 0
E2 0 240 -1
B2 0 240 -1
D3 0 240 0
A3 0 240 -1
D3 0 240 0
B2 0 240 -1
E2 0 240 -1
B2 0 240 -1
D3 0 240 0
B3 0 240 -1
D3 0 240 0
B2 0 240 -1
Measure Number: 187
B4 0 480 -1
rest 160
D4 0 160 0
E4 0 160 -1
G4 0 160 0
C5 0 160 0
B4 0 160 -1
A4 0 480 -1
A4 0 240 -1
C4 0 240 -1
E4 0 240 -1
F4 0 240 0
D4 0 320 0
C4 0 480 -1
E2 0 240 -1
B2 0 240 -1
E3 0 240 -1
G3 0 240 0
E3 0 240 -1
B2 0 240 -1
E2 0 240 -1
C3 0 240 -1
E3 0 240 -1
A3 0 240 -1
E3 0 240 -1
C3 0 240 -1
Measure Number: 188
G4 0 1440 0
G4 0 240 0
G4 0 240 0
B4 0 240 -1
G5 0 240 0
F5 0 240 0
E5 0 240 -1
E2 0 240 -1
B2 0 240 -1
E3 0 240 -1
G3 0 240 0
E3 0 240 -1
B2 0 240 -1
E2 0 240 -1
B2 0 240 -1
E3 0 240 -1
B3 0 240 -1
E3 0 240 -1
B2 0 240 -1
Measure Number: 189
B4 0 1440 -1
B4 0 240 -1
G4 0 240 0
B4 0 240 -1
G5 0 240 0
F5 0 240 0
E5 0 240 -1
E2 0 240 -1
B2 0 240 -1
E3 0 240 -1
G3 0 240 0
E3 0 240 -1
B2 0 240 -1
E2 0 240 -1
B2 0 240 -1
E3 0 240 -1
B3 0 240 -1
E3 0 240 -1
B2 0 240 -1
Measure Number: 190
D5 0 1440 0
D5 0 240 0
B4 0 240 -1
D5 0 240 0
B5 0 240 -1
A5 0 240 0
G5 0 240 0
G2 0 240 0
D3 0 240 0
G3 0 240 0
B3 0 240 -1
D4 0 240 0
B3 0 240 -1
G4 0 240 0
D4 0 240 0
B3 0 240 -1
G3 0 240 0
D3 0 240 0
G2 0 240 0
Measure Number: 191
D5 0 1440 0
D5 0 240 0
B4 0 240 -1
D5 0 240 0
B5 0 240 -1
A5 0 240 0
G5 0 240 0
G1 0 240 0
G2 0 240 0
D3 0 240 0
G3 0 240 0
B3 0 240 -1
D4 0 240 0
B4 0 240 -1
G4 0 240 0
D4 0 240 0
B3 0 240 -1
G3 0 240 0
D3 0 240 0
Measure Number: 192
D5 0 240 0
B4 0 240 -1
D5 0 240 0
B5 0 240 -1
A5 0 240 0
G5 0 240 0
D5 0 240 0
B4 0 240 -1
D5 0 240 0
B5 0 240 -1
A5 0 240 0
G5 0 240 0
G2 0 240 0
D3 0 240 0
D4 0 480 0
rest 480
rest 1440
Measure Number: 193
D5 0 240 0
A5 0 240 0
C6 0 240 0
B5 0 240 -1
G5 0 240 0
D5 0 240 0
B4 0 240 -1
G4 0 240 0
C4 0 240 0
D4 0 240 0
F4 0 240 0
E4 0 240 -1
rest 2880
Measure Number: 194
D3 0 1440 0
rest 240
C4 0 240 0
D4 0 240 0
F4 0 240 1
B4 0 240 -1
A4 0 240 0
C4 0 960 0
D4 0 720 0
F4 0 480 1
rest 480
D2 0 480 0
D2 0 480 0
rest 480
D2 0 480 0
D2 0 480 0
Measure Number: 195
G4 0 1440 0
D5 0 1440 0
rest 480
B3 0 480 -1
D4 0 480 0
B3 0 480 -1
D4 0 480 0
rest 480
G4 0 480 0
G4 0 480 0
rest 480
D2 0 480 0
D2 0 480 0
rest 480
D3 0 480 0
G3 0 480 0
D3 0 480 0
G3 0 480 0
D4 0 1440 0
Measure Number: 196
C5 0 1440 0
rest 240
C4 0 240 0
D4 0 240 0
F4 0 240 1
B4 0 240 -1
A4 0 240 0
rest 480
E4 0 480 -1
G4 0 480 0
E4 0 480 -1
G4 0 480 0
C4 0 960 0
D4 0 720 0
F4 0 480 1
rest 480
D3 0 480 0
G3 0 480 0
D3 0 480 0
G3 0 480 0
rest 480
D2 0 480 0
D2 0 480 0
C4 0 1440 0
Measure Number: 197
G4 0 1440 0
E4 0 1440 0
rest 480
B3 0 480 -1
D4 0 480 0
B3 0 480 -1
D4 0 480 0
rest 480
G3 0 480 0
B3 0 480 -1
C4 0 480 1
G3 0 480 0
B3 0 480 -1
C4 0 480 1
rest 480
D2 0 480 0
D2 0 480 0
rest 480
D2 0 480 0
D2 0 480 0
Measure Number: 198
F4 0 1440 1
rest 240
C4 0 240 0
D4 0 240 0
F4 0 240 1
B4 0 240 -1
A4 0 240 0
rest 480
F3 0 480 1
A3 0 480 0
D4 0 480 0
F3 0 480 1
A3 0 480 0
D4 0 480 0
C4 0 960 0
D4 0 720 0
F4 0 480 1
rest 480
D2 0 480 0
D2 0 480 0
rest 480
D2 0 480 0
D2 0 480 0
Measure Number: 199
G4 0 1440 0
D5 0 1440 0
rest 480
B3 0 480 -1
D4 0 480 0
B3 0 480 -1
D4 0 480 0
rest 480
G4 0 480 0
B4 0 480 -1
G4 0 480 0
B4 0 480 -1
rest 480
D2 0 480 0
D2 0 480 0
rest 480
D3 0 480 0
G3 0 480 0
B3 0 480 -1
D3 0 480 0
G3 0 480 0
B3 0 480 -1
D4 0 1440 0
Measure Number: 200
E5 0 1440 0
rest 240
B3 0 240 -1
C4 0 240 1
E4 0 240 0
A4 0 240 0
G4 0 240 0
rest 480
G4 0 480 0
B4 0 480 -1
G4 0 480 0
B4 0 480 -1
B3 0 960 -1
C4 0 720 1
E4 0 480 0
rest 480
D3 0 480 0
G3 0 480 0
B3 0 480 -1
D3 0 480 0
G3 0 480 0
B3 0 480 -1
rest 480
D2 0 480 0
D2 0 480 0
E4 0 1440 0
rest 1440
Measure Number: 201
G4 0 1440 0
E5 0 1440 0
rest 480
B3 0 480 -1
C4 0 480 1
E4 0 480 0
B3 0 480 -1
C4 0 480 1
E4 0 480 0
rest 480
G4 0 480 0
B4 0 480 -1
C5 0 480 1
G4 0 480 0
B4 0 480 -1
C5 0 480 1
rest 480
D2 0 480 0
D2 0 480 0
rest 480
D3 0 480 0
G3 0 480 0
B3 0 480 -1
D3 0 480 0
G3 0 480 0
B3 0 480 -1
rest 1440
E4 0 1440 0
Measure Number: 202
F5 0 1440 1
E5 0 960 0
rest 240
F5 0 240 1
rest 480
G4 0 480 0
B4 0 480 -1
C5 0 480 1
G4 0 480 0
B4 0 480 -1
C5 0 480 1
rest 480
G4 0 480 0
B4 0 480 -1
C5 0 480 1
rest 480
rest 480
D3 0 480 0
G3 0 480 0
B3 0 480 -1
D3 0 480 0
G3 0 480 0
B3 0 480 -1
rest 480
D3 0 480 0
G3 0 480 0
B3 0 480 -1
rest 480
F4 0 1440 1
E4 0 960 0
rest 240
F4 0 240 1
Measure Number: 203
F5 0 1440 1
E5 0 960 0
rest 240
F5 0 240 1
rest 480
G4 0 480 0
B4 0 480 -1
C5 0 480 1
G4 0 480 0
B4 0 480 -1
C5 0 480 1
rest 480
G4 0 480 0
B4 0 480 -1
C5 0 480 1
rest 480
rest 480
D3 0 480 0
G3 0 480 0
B3 0 480 -1
D3 0 480 0
G3 0 480 0
B3 0 480 -1
rest 480
D3 0 480 0
G3 0 480 0
B3 0 480 -1
rest 480
F4 0 1440 1
E4 0 960 0
rest 240
F4 0 240 1
Measure Number: 204
F5 0 1440 1
E5 0 960 0
rest 240
F5 0 240 1
rest 480
G4 0 480 0
B4 0 480 -1
C5 0 480 1
G4 0 480 0
B4 0 480 -1
C5 0 480 1
rest 480
G4 0 480 0
B4 0 480 -1
C5 0 480 1
rest 480
rest 480
D3 0 480 0
G3 0 480 0
B3 0 480 -1
D3 0 480 0
G3 0 480 0
B3 0 480 -1
rest 480
D3 0 480 0
G3 0 480 0
B3 0 480 -1
rest 480
F4 0 1440 1
E4 0 960 0
rest 240
F4 0 240 1
Measure Number: 205
A5 0 1440 0
G5 0 960 0
A5 0 480 0
rest 480
B4 0 480 -1
C5 0 480 1
E5 0 480 0
B4 0 480 -1
C5 0 480 1
E5 0 480 0
rest 480
B4 0 480 -1
C5 0 480 1
E5 0 480 0
A4 0 480 0
A4 0 1440 0
G4 0 1440 0
rest 480
B3 0 480 -1
C4 0 480 1
E4 0 480 0
B3 0 480 -1
C4 0 480 1
E4 0 480 0
rest 480
B3 0 480 -1
C4 0 480 1
E4 0 480 0
rest 480
Measure Number: 206
B4 0 480 -1
D5 0 480 0
B5 0 480 -1
rest 240
D6 0 240 0
B6 0 240 -1
E6 0 240 -1
C7 0 240 0
D6 0 240 0
B6 0 240 -1
C6 0 240 0
A6 0 240 0
B5 0 240 -1
G6 0 240 0
A5 0 240 0
F6 0 240 1
B5 0 240 -1
G6 0 240 0
A5 0 240 0
F6 0 240 0
rest 120
G5 0 120 0
E6 0 120 -1
D1 0 480 0
D2 0 480 0
D3 0 480 0
B3 0 480 -1
G3 0 480 0
D4 0 480 0
B3 0 480 -1
G4 0 480 0
G3 0 480 0
D4 0 480 0
D3 0 480 0
B3 0 480 -1
Measure Number: 207
G5 0 240 0
E6 0 240 -1
F5 0 240 1
D6 0 240 0
E5 0 240 -1
C6 0 240 0
D5 0 240 0
B5 0 240 -1
C5 0 240 0
A5 0 240 0
B4 0 240 -1
G5 0 240 0
A4 0 160 0
F5 0 160 1
C5 0 160 0
E5 0 160 -1
C5 0 160 0
D5 0 160 0
B4 0 96 0
D5 0 96 0
B4 0 96 -1
D5 0 96 0
A4 0 96 0
D5 0 96 0
G4 0 96 1
D5 0 96 0
A4 0 96 0
D5 0 96 0
B4 0 120 -1
D5 0 120 0
A4 0 120 0
D5 0 120 0
C5 0 120 0
D5 0 120 0
B4 0 120 -1
D5 0 120 0
D1 0 480 0
D2 0 480 0
D3 0 480 0
F3 0 480 1
C4 0 480 0
F3 0 480 1
C4 0 480 0
D4 0 480 0
A3 0 480 0
C4 0 480 0
F4 0 480 1
F3 0 480 1
C4 0 480 0
D4 0 480 0
D3 0 480 0
F3 0 480 1
C4 0 480 0
Measure Number: 208
G4 0 240 0
D5 0 240 0
rest 240
D6 0 240 0
G6 0 240 0
B6 0 240 -1
A5 0 240 0
rest 240
B5 0 240 -1
D6 0 240 0
G6 0 240 0
B5 0 240 -1
D6 0 240 0
G6 0 240 0
F5 0 240 1
G1 0 480 0
G2 0 480 0
rest 480
B3 0 480 -1
D4 0 480 0
G4 0 480 0
B2 0 480 -1
Measure Number: 209
rest 240
G5 0 240 0
B5 0 240 -1
D6 0 240 0
G5 0 240 0
B5 0 240 -1
D6 0 240 0
C5 0 240 1
rest 240
D5 0 240 0
G5 0 240 0
B5 0 240 -1
D5 0 240 0
G5 0 240 0
B5 0 240 -1
B4 0 240 -1
B3 0 480 -1
D4 0 480 0
G4 0 480 0
D3 0 480 0
B3 0 480 -1
D4 0 480 0
G4 0 480 0
G3 0 480 0
Measure Number: 210
rest 240
E5 0 240 -1
G5 0 240 0
C6 0 240 0
E5 0 240 -1
G5 0 240 0
C6 0 240 0
D5 0 240 0
C5 0 240 1
C5 0 240 0
E5 0 240 -1
G5 0 240 0
C6 0 240 0
D5 0 240 0
A3 0 480 0
C4 0 480 0
G4 0 480 0
A2 0 480 0
C4 0 480 0
E4 0 480 -1
G4 0 480 0
A3 0 480 0
Measure Number: 211
C5 0 240 1
C5 0 240 0
E5 0 240 -1
F5 0 240 1
C6 0 240 0
D5 0 240 0
C5 0 240 1
C5 0 240 0
D5 0 240 0
F5 0 240 1
A5 0 240 0
C5 0 240 0
C4 0 480 0
D4 0 480 0
F4 0 480 1
D3 0 480 0
C4 0 480 0
D4 0 480 0
F4 0 480 1
A3 0 480 0
Measure Number: 212
B4 0 480 -1
D5 0 480 0
G5 0 480 0
B5 0 480 -1
D6 0 240 0
G6 0 240 0
B6 0 240 -1
A5 0 240 0
rest 240
B5 0 240 -1
D6 0 240 0
G6 0 240 0
B5 0 240 -1
D6 0 240 0
G6 0 240 0
F5 0 240 1
G3 0 480 0
D4 0 480 0
G4 0 480 0
G2 0 480 0
B3 0 480 -1
D4 0 480 0
G4 0 480 0
B2 0 480 -1
Measure Number: 213
rest 240
G5 0 240 0
B5 0 240 -1
D6 0 240 0
G5 0 240 0
B5 0 240 -1
D6 0 240 0
C5 0 240 1
rest 240
D5 0 240 0
G5 0 240 0
B5 0 240 -1
D5 0 240 0
G5 0 240 0
B5 0 240 -1
B4 0 240 -1
B3 0 480 -1
D4 0 480 0
G4 0 480 0
D3 0 480 0
B3 0 480 -1
D4 0 480 0
G4 0 480 0
G3 0 480 0
Measure Number: 214
rest 240
E5 0 240 -1
G5 0 240 0
C6 0 240 0
E5 0 240 -1
G5 0 240 0
C6 0 240 0
D5 0 240 0
C5 0 240 1
C5 0 240 0
E5 0 240 -1
G5 0 240 0
C6 0 240 0
D5 0 240 0
A3 0 480 0
C4 0 480 0
G4 0 480 0
A2 0 480 0
C4 0 480 0
E4 0 480 -1
G4 0 480 0
A3 0 480 0
Measure Number: 215
C5 0 240 1
C5 0 240 0
E5 0 240 -1
F5 0 240 1
C6 0 240 0
D5 0 240 0
C5 0 240 1
C5 0 240 0
D5 0 240 0
F5 0 240 1
A5 0 240 0
C5 0 240 0
C4 0 480 0
D4 0 480 0
F4 0 480 1
D3 0 480 0
C4 0 480 0
D4 0 480 0
F4 0 480 1
A3 0 480 0
Measure Number: 216
B4 0 480 -1
D5 0 480 0
G5 0 480 0
B5 0 480 -1
A5 0 240 -1
E6 0 240 -1
A6 0 240 -1
A5 0 240 -1
E5 0 240 -1
A5 0 240 -1
G4 0 240 0
E5 0 240 -1
A5 0 480 -1
G4 0 480 0
A5 0 480 -1
G5 0 240 0
G3 0 480 0
D4 0 480 0
G4 0 480 0
C3 0 1440 0
A3 0 480 -1
E4 0 480 -1
Measure Number: 217
F4 0 240 1
A4 0 240 0
F5 0 240 1
F5 0 240 1
A5 0 240 0
F6 0 240 1
G5 0 240 0
B5 0 240 -1
G6 0 240 0
G5 0 240 0
B4 0 240 -1
G5 0 240 0
F4 0 480 1
G5 0 480 0
D3 0 480 0
A3 0 480 0
C4 0 480 0
D4 0 480 0
G2 0 480 0
G3 0 480 0
B3 0 480 -1
D4 0 480 0
Measure Number: 218
A4 0 240 -1
E5 0 240 -1
A5 0 240 -1
A5 0 240 -1
E6 0 240 -1
A6 0 240 -1
A5 0 240 -1
E5 0 240 -1
A5 0 240 -1
G4 0 240 0
E5 0 240 -1
G5 0 240 0
A4 0 480 -1
A5 0 480 -1
G4 0 480 0
rest 480
A3 0 960 -1
E4 0 960 -1
A3 0 480 -1
E4 0 480 -1
C3 0 1920 0
Measure Number: 219
F4 0 240 1
A4 0 240 0
F5 0 240 1
F5 0 240 1
A5 0 240 0
F6 0 240 1
G5 0 240 0
B5 0 240 -1
G6 0 240 0
G5 0 240 0
B4 0 240 -1
G5 0 240 0
F4 0 480 1
G5 0 480 0
D3 0 480 0
A3 0 480 0
C4 0 480 0
D4 0 480 0
G2 0 480 0
G3 0 480 0
B3 0 480 -1
D4 0 480 0
Measure Number: 220
F4 0 240 0
A4 0 240 -1
F5 0 240 0
F5 0 240 0
A5 0 240 -1
F6 0 240 0
F5 0 240 0
A4 0 240 -1
E5 0 240 -1
E4 0 240 -1
A4 0 240 -1
E5 0 240 -1
F4 0 480 0
E4 0 480 -1
F3 0 480 0
A3 0 480 -1
D4 0 480 0
E3 0 480 -1
A3 0 480 -1
C4 0 480 0
B2 0 960 0
C3 0 960 0
Measure Number: 221
D4 0 240 0
A4 0 240 -1
D5 0 240 0
D5 0 240 0
A5 0 240 -1
D6 0 240 0
D5 0 240 0
A4 0 240 -1
C5 0 240 0
C4 0 240 0
A4 0 240 -1
C5 0 240 0
D4 0 480 0
C4 0 480 0
F3 0 480 0
A3 0 480 -1
B3 0 480 0
A3 0 480 -1
D3 0 960 0
E3 0 960 -1
Measure Number: 222
C4 0 240 0
E4 0 240 -1
C5 0 240 0
C5 0 240 0
E5 0 240 -1
C6 0 240 0
C5 0 240 0
E5 0 240 -1
C6 0 240 0
B4 0 240 -1
D5 0 240 0
B5 0 240 -1
C5 0 480 0
C5 0 480 0
B4 0 480 -1
F2 0 480 1
F3 0 480 1
C4 0 480 0
E4 0 480 -1
G3 0 480 0
B3 0 480 -1
D4 0 480 0
G2 0 480 0
Measure Number: 223
B4 0 240 -1
D5 0 240 0
B5 0 240 -1
A4 0 240 0
C5 0 240 0
A5 0 240 0
G4 0 240 0
B4 0 240 -1
G5 0 240 0
F4 0 240 1
A4 0 240 0
F5 0 240 1
B4 0 480 -1
A4 0 480 0
G4 0 480 0
F4 0 480 1
C3 0 480 0
A3 0 480 0
E4 0 480 -1
G4 0 480 0
rest 480
A3 0 480 0
D4 0 480 0
D3 0 960 0
Measure Number: 224
G4 0 480 0
B4 0 480 -1
G5 0 480 0
A5 0 240 -1
E6 0 240 -1
A6 0 240 -1
A5 0 240 -1
E5 0 240 -1
A5 0 240 -1
G4 0 240 0
E5 0 240 -1
A5 0 480 -1
G4 0 480 0
A5 0 480 -1
G5 0 240 0
B3 0 480 -1
D4 0 480 0
A3 0 480 -1
E4 0 480 -1
G3 0 480 0
C3 0 1440 0
Measure Number: 225
F4 0 240 1
A4 0 240 0
F5 0 240 1
F5 0 240 1
A5 0 240 0
F6 0 240 1
G5 0 240 0
B5 0 240 -1
G6 0 240 0
G5 0 240 0
B4 0 240 -1
G5 0 240 0
F4 0 480 1
G5 0 480 0
D3 0 480 0
A3 0 480 0
C4 0 480 0
D4 0 480 0
G2 0 480 0
G3 0 480 0
B3 0 480 -1
D4 0 480 0
Measure Number: 226
A4 0 240 -1
E5 0 240 -1
A5 0 240 -1
A5 0 240 -1
E6 0 240 -1
A6 0 240 -1
A5 0 240 -1
E5 0 240 -1
A5 0 240 -1
G4 0 240 0
C5 0 240 0
G5 0 240 0
A4 0 480 -1
A5 0 480 -1
G4 0 480 0
rest 480
A3 0 1440 -1
E4 0 1440 -1
C3 0 960 0
D3 0 480 0
E3 0 480 -1
Measure Number: 227
F4 0 240 1
A4 0 240 0
F5 0 240 1
F5 0 240 1
A5 0 240 0
F6 0 240 1
G5 0 240 0
B5 0 240 -1
G6 0 240 0
G5 0 240 0
B4 0 240 -1
G5 0 240 0
F4 0 480 1
G5 0 480 0
D3 0 480 0
A3 0 480 0
C4 0 480 0
D4 0 480 0
G2 0 480 0
G3 0 480 0
B3 0 480 -1
D4 0 480 0
Measure Number: 228
F4 0 240 0
A4 0 240 -1
F5 0 240 0
F5 0 240 0
A5 0 240 -1
F6 0 240 0
F5 0 240 0
G4 0 240 0
E5 0 240 -1
E4 0 240 -1
G4 0 240 0
E5 0 240 -1
F4 0 480 0
E4 0 480 -1
B1 0 480 0
B2 0 480 0
F3 0 480 0
A3 0 480 -1
D4 0 480 0
C2 0 480 0
C3 0 480 0
E3 0 480 -1
G3 0 480 0
C4 0 480 0
Measure Number: 229
D4 0 240 0
F4 0 240 1
D5 0 240 0
D5 0 240 0
F5 0 240 1
D6 0 240 0
D5 0 240 0
E4 0 240 0
C5 0 240 1
C4 0 240 1
E4 0 240 0
C5 0 240 1
D4 0 480 0
C4 0 480 1
D2 0 480 0
D3 0 480 0
F3 0 480 1
A3 0 480 0
E2 0 480 0
E3 0 480 0
G3 0 480 0
B3 0 480 -1
Measure Number: 230
C4 0 240 0
E4 0 240 -1
C5 0 240 0
C5 0 240 0
E5 0 240 -1
C6 0 240 0
B4 0 240 0
E5 0 240 -1
B5 0 240 0
C5 0 240 0
E5 0 240 -1
C6 0 240 0
C4 0 480 0
C5 0 480 0
B4 0 480 0
C5 0 480 0
F2 0 480 1
F3 0 480 1
F3 0 480 1
C4 0 480 0
E4 0 480 -1
G3 0 480 0
C4 0 480 0
E4 0 480 -1
G2 0 480 0
G3 0 480 0
Measure Number: 231
C5 0 240 0
E5 0 240 -1
C6 0 240 0
E5 0 240 -1
G5 0 240 -1
E6 0 240 -1
D5 0 240 0
G5 0 240 -1
D6 0 240 0
E5 0 240 -1
G5 0 240 -1
E6 0 240 -1
C5 0 480 0
E5 0 480 -1
D5 0 480 0
E5 0 480 -1
A2 0 480 -1
A3 0 480 -1
A3 0 480 -1
E4 0 480 -1
G4 0 480 -1
A3 0 480 0
E4 0 480 -1
G4 0 480 -1
A2 0 480 0
A3 0 480 0
Measure Number: 232
E5 0 240 -1
G5 0 240 -1
E6 0 240 -1
G5 0 240 -1
B5 0 240 -1
G6 0 240 -1
F5 0 240 0
G5 0 240 1
F6 0 240 0
F5 0 240 1
A5 0 240 0
F6 0 240 1
E5 0 480 -1
G5 0 480 -1
F5 0 480 0
F5 0 480 1
B2 0 480 -1
B3 0 480 -1
B3 0 480 -1
E4 0 480 -1
G4 0 480 -1
B3 0 480 0
D4 0 480 1
A4 0 480 0
B2 0 480 0
B3 0 480 0
Measure Number: 233
F5 0 240 1
A5 0 240 0
F6 0 240 1
A5 0 240 0
C6 0 240 0
A6 0 240 0
B5 0 240 -1
D6 0 240 0
B6 0 240 -1
C6 0 240 0
E6 0 240 -1
C7 0 240 0
F5 0 480 1
A5 0 480 0
B5 0 480 -1
C6 0 480 0
C3 0 480 0
C4 0 480 0
C4 0 960 0
D4 0 960 0
F4 0 960 1
A4 0 960 0
C4 0 480 0
D4 0 480 0
F4 0 480 1
A4 0 480 0
Measure Number: 234
C6 0 480 0
B5 0 480 -1
B5 0 480 -1
A5 0 480 0
C6 0 240 0
E6 0 240 -1
C7 0 240 0
B5 0 240 -1
D6 0 240 0
B6 0 240 -1
B5 0 240 -1
D6 0 240 0
B6 0 240 -1
A5 0 240 0
C6 0 240 0
A6 0 240 0
B2 0 480 -1
B3 0 480 -1
G3 0 480 0
D4 0 480 0
G4 0 480 0
C3 0 480 0
C4 0 480 0
A3 0 480 0
E4 0 480 -1
G4 0 480 0
Measure Number: 235
A5 0 480 0
G5 0 480 0
G5 0 480 0
D5 0 480 0
A5 0 240 0
C6 0 240 0
A6 0 240 0
G5 0 240 0
B5 0 240 -1
G6 0 240 0
G5 0 240 0
B5 0 240 -1
G6 0 240 0
D5 0 240 0
F5 0 240 1
D6 0 240 0
D3 0 480 0
D4 0 480 0
D4 0 480 0
G4 0 480 0
B4 0 480 -1
C3 0 480 0
C4 0 480 0
C4 0 480 0
D4 0 480 0
F4 0 480 1
A4 0 480 0
Measure Number: 236
rest 240
B5 0 240 -1
D6 0 240 0
B6 0 240 -1
B5 0 240 -1
D6 0 240 -1
B6 0 240 -1
B5 0 240 -1
C6 0 240 0
A6 0 240 0
A5 0 240 0
B2 0 480 -1
B3 0 480 -1
G3 0 480 0
D4 0 480 0
G4 0 480 0
C3 0 480 0
C4 0 480 0
A3 0 480 0
E4 0 480 -1
G4 0 480 0
Measure Number: 237
C6 0 240 0
A6 0 240 0
A5 0 240 0
B5 0 240 -1
G6 0 240 0
G5 0 240 0
B5 0 240 -1
G6 0 240 0
G5 0 240 0
F5 0 240 1
D6 0 240 0
D5 0 240 0
D3 0 480 0
D4 0 480 0
D4 0 480 0
G4 0 480 0
B4 0 480 -1
C3 0 480 0
C4 0 480 0
C4 0 480 0
D4 0 480 0
F4 0 480 1
A4 0 480 0
Measure Number: 238
rest 240
D6 0 240 0
G6 0 240 0
B6 0 240 -1
D7 0 240 0
D6 0 240 0
G5 0 240 0
B5 0 240 -1
D6 0 240 0
D5 0 240 0
B2 0 480 -1
B3 0 480 -1
rest 480
G5 0 240 0
B5 0 240 -1
D6 0 240 0
D5 0 240 0
Measure Number: 239
G4 0 240 0
B4 0 240 -1
D5 0 240 0
D4 0 240 0
G3 0 240 0
B3 0 240 -1
D4 0 240 0
D3 0 240 0
G4 0 240 0
B4 0 240 -1
D5 0 240 0
D4 0 240 0
G3 0 240 0
B3 0 240 -1
D4 0 240 0
D3 0 240 0
Measure Number: 240
G3 0 240 0
B3 0 240 -1
E4 0 240 0
D3 0 240 0
G3 0 240 0
B3 0 240 -1
E4 0 240 0
D3 0 240 0
F1 0 240 1
F2 0 240 1
G1 0 240 0
G2 0 240 0
C2 0 240 1
C3 0 240 1
D2 0 240 0
D3 0 240 0
Measure Number: 241
G3 0 240 0
B3 0 240 -1
E4 0 240 0
D3 0 240 0
G3 0 240 0
B3 0 240 -1
E4 0 240 0
D3 0 240 0
F1 0 240 1
F2 0 240 1
G1 0 240 0
G2 0 240 0
C2 0 240 1
C3 0 240 1
D2 0 240 0
D3 0 240 0
Measure Number: 242
rest 960
G3 0 160 0
G3 0 160 1
A3 0 160 0
B3 0 160 -1
B3 0 160 0
C4 0 160 0
D1 0 960 0
D2 0 960 0
rest 960
Measure Number: 243
C4 0 160 1
D4 0 160 0
E4 0 160 -1
E4 0 160 0
F4 0 160 0
F4 0 160 1
G4 0 160 0
G4 0 160 1
A4 0 160 0
B4 0 160 -1
B4 0 160 0
C5 0 160 0
rest 960
G3 0 720 0
B3 0 720 -1
C4 0 720 1
E4 0 720 0
G3 0 240 0
B3 0 240 -1
C4 0 240 1
E4 0 240 0
Measure Number: 244
C5 0 160 1
D5 0 160 0
E5 0 160 -1
E5 0 160 0
F5 0 160 0
F5 0 160 1
G5 0 160 0
G5 0 160 1
A5 0 160 0
B5 0 160 -1
B5 0 160 0
C6 0 160 0
G3 0 960 0
B3 0 960 -1
C4 0 960 1
F4 0 960 1
G3 0 720 0
B3 0 720 -1
C4 0 720 1
E4 0 720 0
G3 0 240 0
B3 0 240 -1
C4 0 240 1
E4 0 240 0
Measure Number: 245
C6 0 160 1
D6 0 160 0
E6 0 160 -1
E6 0 160 0
F6 0 160 0
F6 0 160 1
G6 0 160 0
G6 0 160 1
A6 0 160 0
B6 0 160 -1
B6 0 160 0
C7 0 160 1
G3 0 960 0
B3 0 960 -1
C4 0 960 1
F4 0 960 1
G3 0 960 0
B3 0 960 -1
C4 0 960 1
E4 0 960 0
Measure Number: 246
E7 0 132 -1
D7 0 132 0
F7 0 132 0
E7 0 132 -1
D7 0 132 0
C7 0 132 0
B6 0 132 0
D7 0 132 0
C7 0 132 0
B6 0 132 -1
A6 0 132 0
G6 0 132 0
F6 0 132 1
A6 0 132 0
G6 0 132 0
F6 0 132 1
E6 0 132 -1
D6 0 132 0
E6 0 132 -1
D6 0 132 0
F6 0 132 0
E6 0 132 -1
D6 0 132 0
C6 0 132 0
B5 0 132 0
D6 0 132 0
C6 0 132 0
B5 0 132 -1
A5 0 132 0
D3 0 1920 0
A3 0 1920 0
C4 0 1920 0
G4 0 1920 0
D3 0 1920 0
A3 0 1920 0
C4 0 1920 0
G4 0 1920 0
Measure Number: 247
G5 0 98 0
F5 0 98 1
A5 0 98 0
G5 0 98 0
F5 0 98 1
E5 0 98 -1
D5 0 98 0
E5 0 98 -1
D5 0 98 0
F5 0 98 0
E5 0 98 -1
D5 0 98 0
C5 0 98 0
B4 0 98 0
D5 0 98 0
C5 0 98 0
B4 0 98 -1
A4 0 98 0
G4 0 98 0
F4 0 98 1
E4 0 98 -1
D4 0 98 0
C4 0 98 0
B3 0 98 -1
A3 0 98 0
G3 0 98 0
F3 0 98 1
E3 0 98 -1
D3 0 98 0
C3 0 98 0
B2 0 98 -1
A2 0 98 0
G2 0 98 0
F2 0 98 1
E2 0 98 -1
D2 0 98 0
C2 0 98 0
B1 0 98 -1
A1 0 98 0
D3 0 1920 0
A3 0 1920 0
C4 0 1920 0
F4 0 1920 1
Measure Number: 248
rest 1920
G1 0 1920 0
Measure Number: 249
rest 91
A2 0 91 0
B2 0 91 -1
C3 0 91 0
D3 0 91 0
E3 0 91 0
F3 0 91 1
G3 0 91 0
A3 0 91 0
B3 0 91 -1
C4 0 91 0
D4 0 91 0
E4 0 91 0
F4 0 91 1
G4 0 91 0
A4 0 91 0
B4 0 91 -1
C5 0 91 0
D5 0 91 0
E5 0 91 0
F5 0 91 1
G1 0 91 0
A1 0 91 0
B1 0 91 -1
C2 0 91 0
D2 0 91 0
E2 0 91 0
F2 0 91 1
G2 0 91 0
A2 0 91 0
B2 0 91 -1
C3 0 91 0
D3 0 91 0
E3 0 91 0
F3 0 91 1
G3 0 91 0
A3 0 91 0
B3 0 91 -1
C4 0 91 0
D4 0 91 0
E4 0 91 0
F4 0 91 1
Measure Number: 250
G5 0 240 0
rest 240
rest 480
D3 0 720 0
G3 0 720 0
B3 0 720 -1
D3 0 240 0
G3 0 240 0
B3 0 240 -1
G4 0 240 0
rest 240
rest 480
G1 0 720 0
G2 0 720 0
G1 0 240 0
G2 0 240 0
Measure Number: 251
D3 0 960 0
G3 0 960 0
B3 0 960 -1
rest 160
D3 0 160 0
G3 0 160 0
A3 0 160 0
C4 0 160 0
B3 0 160 -1
G1 0 960 0
G2 0 960 0
rest 160
D2 0 160 0
G2 0 160 0
A2 0 160 0
C3 0 160 0
B2 0 160 -1
Measure Number: 252
B3 0 240 -1
rest 240
rest 480
B2 0 960 -1
B2 0 240 -1
rest 240
rest 480
G1 0 960 0
Measure Number: 253
B2 0 69 -1
C3 0 69 0
D3 0 69 0
E3 0 69 0
F3 0 69 1
G3 0 69 0
A3 0 69 0
B3 0 69 -1
C4 0 69 0
D4 0 69 0
E4 0 69 0
F4 0 69 1
G4 0 69 0
A4 0 69 0
B4 0 69 -1
C5 0 69 0
D5 0 69 0
E5 0 69 0
F5 0 69 1
G5 0 69 0
A5 0 69 0
B5 0 69 -1
C6 0 69 0
D6 0 69 0
E6 0 69 0
F6 0 69 1
G6 0 69 0
A6 0 69 0
G1 0 69 0
A1 0 69 0
B1 0 69 -1
C2 0 69 0
D2 0 69 0
E2 0 69 0
F2 0 69 1
G2 0 69 0
A2 0 69 0
B2 0 69 -1
C3 0 69 0
D3 0 69 0
E3 0 69 0
F3 0 69 1
G3 0 69 0
A3 0 69 0
B3 0 69 -1
C4 0 69 0
D4 0 69 0
E4 0 69 0
F4 0 69 1
G4 0 69 0
A4 0 69 0
B4 0 69 -1
C5 0 69 0
D5 0 69 0
E5 0 69 0
F5 0 69 1
Measure Number: 254
B6 0 240 -1
rest 240
rest 480
D3 0 720 0
G3 0 720 0
B3 0 720 -1
D4 0 720 0
D3 0 240 0
G3 0 240 0
B3 0 240 -1
D4 0 240 0
G5 0 240 0
rest 240
rest 480
G1 0 720 0
G2 0 720 0
G1 0 240 0
G2 0 240 0
Measure Number: 255
D3 0 960 0
G3 0 960 0
B3 0 960 -1
D4 0 960 0
rest 160
D4 0 160 0
G4 0 160 0
B4 0 160 -1
E5 0 160 -1
D5 0 160 0
G1 0 960 0
G2 0 960 0
rest 160
D3 0 160 0
G3 0 160 0
B3 0 160 -1
E4 0 160 -1
D4 0 160 0
Measure Number: 256
D5 0 240 0
rest 240
rest 480
E7 0 0 0
E6 0 320 0
E7 0 320 0
E7 0 0 -1
E6 0 320 -1
E7 0 320 -1
D7 0 0 0
D6 0 320 0
D7 0 320 0
D4 0 240 0
rest 240
rest 480
B1 0 0 -1
B1 0 320 -1
B2 0 320 -1
B1 0 0 0
B1 0 320 0
B2 0 320 0
C2 0 0 0
C2 0 320 0
C3 0 320 0
Measure Number: 257
C7 0 0 1
C6 0 320 1
C7 0 320 1
C7 0 0 0
C6 0 320 0
C7 0 320 0
B6 0 0 0
B5 0 320 0
B6 0 320 0
B5 0 320 -1
B6 0 320 -1
A5 0 320 0
A6 0 320 0
A5 0 320 -1
A6 0 320 -1
C2 0 0 1
C2 0 320 1
C3 0 320 1
D2 0 0 0
D2 0 320 0
D3 0 320 0
D2 0 0 1
D2 0 320 1
D3 0 320 1
E2 0 320 0
E3 0 320 0
F2 0 320 0
F3 0 320 0
F2 0 320 1
F3 0 320 1
Measure Number: 258
G5 0 320 0
G6 0 320 0
F5 0 320 1
F6 0 320 1
F5 0 320 0
F6 0 320 0
E5 0 320 0
E6 0 320 0
E5 0 320 -1
E6 0 320 -1
D5 0 320 0
D6 0 320 0
G2 0 320 0
G3 0 320 0
F2 0 320 1
F3 0 320 1
F2 0 320 0
F3 0 320 0
E2 0 320 0
E3 0 320 0
E2 0 320 -1
E3 0 320 -1
D2 0 320 0
D3 0 320 0
Measure Number: 259
C5 0 320 1
C6 0 320 1
C5 0 320 0
C6 0 320 0
B4 0 320 0
B5 0 320 0
B4 0 320 -1
B5 0 320 -1
A4 0 320 0
A5 0 320 0
A4 0 320 -1
A5 0 320 -1
C2 0 320 1
C3 0 320 1
C2 0 320 0
C3 0 320 0
B1 0 320 0
B2 0 320 0
B1 0 320 -1
B2 0 320 -1
A1 0 320 0
A2 0 320 0
A1 0 320 -1
A2 0 320 -1
Measure Number: 260
G4 0 960 0
G5 0 960 0
rest 960
G1 0 960 0
G2 0 960 0
rest 960
Measure Number: 261
B5 0 1920 -1
D6 0 1920 0
G6 0 1920 0
B6 0 1920 -1
G3 0 1920 0
D4 0 1920 0
G4 0 1920 0
Measure Number: 262
G3 0 1920 0
G1 0 1920 0
G2 0 1920 0
Measure Number: 1
rest 1920
rest 1920
Measure Number: 2
rest 1920
rest 1920
Measure Number: 3
rest 1920
rest 1920
Measure Number: 4
rest 1920
rest 1920
Measure Number: 5
rest 1920
rest 1920
Measure Number: 6
rest 1920
rest 1920
Measure Number: 7
rest 1920
D3 0 1920 0
G3 0 1920 0
D4 0 1920 0
Measure Number: 8
rest 2880
rest 2880
Measure Number: 9
rest 2880
rest 2880
Measure Number: 10
rest 2880
rest 2880
Measure Number: 11
rest 2880
rest 2880
Measure Number: 12
rest 2880
rest 2880
Measure Number: 13
rest 2880
rest 2880
Measure Number: 14
rest 2880
rest 2880
Measure Number: 15
rest 2880
rest 2880
Measure Number: 16
rest 2880
rest 2880
Measure Number: 17
rest 2880
rest 2880
Measure Number: 18
rest 2880
rest 2880
Measure Number: 19
rest 2880
rest 2880
Measure Number: 20
rest 2880
rest 2880
Measure Number: 21
rest 2880
rest 2880
Measure Number: 22
rest 2880
rest 2880
Measure Number: 23
rest 2880
rest 2880
Measure Number: 24
rest 2880
rest 2880
Measure Number: 25
rest 2880
rest 2880
Measure Number: 26
rest 2880
rest 2880
Measure Number: 27
rest 2880
rest 2880
Measure Number: 28
rest 2880
rest 2880
Measure Number: 29
rest 2880
rest 2880
Measure Number: 30
rest 2880
rest 2880
Measure Number: 31
rest 2880
rest 2880
Measure Number: 32
rest 2880
rest 2880
Measure Number: 33
rest 2880
rest 2880
Measure Number: 34
rest 2880
rest 2880
Measure Number: 35
rest 2880
rest 2880
Measure Number: 36
rest 2880
rest 2880
Measure Number: 37
rest 2880
rest 2880
Measure Number: 38
rest 2880
rest 2880
Measure Number: 39
rest 2880
rest 2880
Measure Number: 40
rest 2880
rest 2880
Measure Number: 41
rest 2880
rest 2880
Measure Number: 42
rest 2880
rest 2880
Measure Number: 43
rest 2880
rest 2880
Measure Number: 44
rest 2880
rest 2880
Measure Number: 45
rest 2880
rest 2880
Measure Number: 46
rest 2880
rest 2880
Measure Number: 47
rest 2880
rest 2880
Measure Number: 48
rest 2880
rest 2880
Measure Number: 49
rest 2880
rest 2880
Measure Number: 50
rest 2880
rest 2880
Measure Number: 51
rest 2880
rest 2880
Measure Number: 52
rest 2880
rest 2880
Measure Number: 53
rest 2880
rest 2880
Measure Number: 54
rest 2880
rest 2880
Measure Number: 55
rest 2880
rest 2880
Measure Number: 56
rest 2880
rest 2880
Measure Number: 57
rest 2880
rest 2880
Measure Number: 58
rest 2880
rest 2880
Measure Number: 59
rest 2880
rest 2880
Measure Number: 60
rest 2880
rest 2880
Measure Number: 61
rest 2880
rest 2880
Measure Number: 62
rest 2880
rest 2880
Measure Number: 63
rest 2880
rest 2880
Measure Number: 64
rest 2880
rest 2880
Measure Number: 65
rest 2880
rest 2880
Measure Number: 66
rest 2880
rest 2880
Measure Number: 67
rest 2880
rest 2880
Measure Number: 68
rest 2880
rest 2880
Measure Number: 69
rest 2880
rest 2880
Measure Number: 70
rest 2880
rest 2880
Measure Number: 71
rest 2880
rest 2880
Measure Number: 72
rest 2880
rest 2880
Measure Number: 73
rest 2880
rest 2880
Measure Number: 74
rest 2880
rest 2880
Measure Number: 75
rest 2880
rest 2880
Measure Number: 76
rest 2880
rest 2880
Measure Number: 77
rest 2880
rest 2880
Measure Number: 78
rest 2880
rest 2880
Measure Number: 79
rest 2880
rest 2880
Measure Number: 80
rest 2880
rest 2880
Measure Number: 81
rest 2880
rest 2880
Measure Number: 82
rest 2880
rest 2880
Measure Number: 83
rest 2880
rest 2880
Measure Number: 84
rest 2880
rest 2880
Measure Number: 85
rest 2880
rest 2880
Measure Number: 86
rest 2880
rest 2880
Measure Number: 87
rest 2880
rest 2880
Measure Number: 88
rest 2880
rest 2880
Measure Number: 89
rest 2880
rest 2880
Measure Number: 90
rest 2880
rest 2880
Measure Number: 91
rest 2880
rest 2880
Measure Number: 92
rest 2880
rest 2880
Measure Number: 93
rest 2880
rest 2880
Measure Number: 94
rest 2880
rest 2880
Measure Number: 95
rest 2880
rest 2880
Measure Number: 96
rest 2880
rest 2880
Measure Number: 97
rest 2880
rest 2880
Measure Number: 98
rest 2880
rest 2880
Measure Number: 99
rest 2880
rest 2880
Measure Number: 100
rest 2880
rest 2880
Measure Number: 101
rest 2880
rest 2880
Measure Number: 102
rest 2880
rest 2880
Measure Number: 103
rest 2880
rest 2880
Measure Number: 104
rest 2880
rest 2880
Measure Number: 105
rest 2880
rest 2880
Measure Number: 106
rest 2880
rest 2880
Measure Number: 107
rest 2880
rest 2880
Measure Number: 108
rest 2880
rest 2880
Measure Number: 109
rest 2880
rest 2880
Measure Number: 110
rest 2880
rest 2880
Measure Number: 111
rest 2880
rest 2880
Measure Number: 112
rest 2880
rest 2880
Measure Number: 113
rest 2880
rest 2880
Measure Number: 114
rest 2880
rest 2880
Measure Number: 115
rest 2880
rest 2880
Measure Number: 116
rest 2880
rest 2880
Measure Number: 117
rest 2880
rest 2880
Measure Number: 118
rest 2880
rest 2880
Measure Number: 119
rest 2880
rest 2880
Measure Number: 120
rest 2880
rest 2880
Measure Number: 121
rest 2880
rest 2880
Measure Number: 122
rest 2880
rest 2880
Measure Number: 123
rest 2880
rest 2880
Measure Number: 124
rest 2880
rest 2880
Measure Number: 125
rest 2880
rest 2880
Measure Number: 126
rest 2880
rest 2880
Measure Number: 127
rest 2880
rest 2880
Measure Number: 128
rest 2880
rest 2880
Measure Number: 129
rest 2880
rest 2880
Measure Number: 130
rest 2880
rest 2880
Measure Number: 131
rest 2880
rest 2880
Measure Number: 132
rest 2880
rest 2880
Measure Number: 133
rest 2880
rest 2880
Measure Number: 134
rest 2880
rest 2880
Measure Number: 135
rest 2880
rest 2880
Measure Number: 136
rest 2880
rest 2880
Measure Number: 137
rest 2880
rest 2880
Measure Number: 138
rest 2880
rest 2880
Measure Number: 139
rest 2880
rest 2880
Measure Number: 140
rest 2880
rest 2880
Measure Number: 141
rest 2880
rest 2880
Measure Number: 142
rest 2880
rest 2880
Measure Number: 143
rest 2880
rest 2880
Measure Number: 144
rest 2880
rest 2880
Measure Number: 145
rest 2880
rest 2880
Measure Number: 146
rest 2880
rest 2880
Measure Number: 147
rest 2880
rest 2880
Measure Number: 148
rest 2880
rest 2880
Measure Number: 149
rest 2880
rest 2880
Measure Number: 150
rest 2880
rest 2880
Measure Number: 151
rest 2880
rest 2880
Measure Number: 152
rest 2880
rest 2880
Measure Number: 153
rest 2880
rest 2880
Measure Number: 154
rest 2880
rest 2880
Measure Number: 155
rest 2880
rest 2880
Measure Number: 156
rest 2880
rest 2880
Measure Number: 157
rest 2880
rest 2880
Measure Number: 158
rest 2880
rest 2880
Measure Number: 159
rest 2880
rest 2880
Measure Number: 160
rest 2880
rest 2880
Measure Number: 161
rest 2880
rest 2880
Measure Number: 162
rest 2880
rest 2880
Measure Number: 163
rest 2880
rest 2880
Measure Number: 164
rest 2880
rest 2880
Measure Number: 165
rest 2880
rest 2880
Measure Number: 166
rest 2880
rest 2880
Measure Number: 167
rest 2880
rest 2880
Measure Number: 168
rest 2880
rest 2880
Measure Number: 169
rest 2880
rest 2880
Measure Number: 170
rest 2880
rest 2880
Measure Number: 171
rest 2880
rest 2880
Measure Number: 172
rest 2880
rest 2880
Measure Number: 173
rest 2880
rest 2880
Measure Number: 174
rest 2880
rest 2880
Measure Number: 175
rest 2880
rest 2880
Measure Number: 176
rest 2880
rest 2880
Measure Number: 177
rest 2880
rest 2880
Measure Number: 178
rest 2880
rest 2880
Measure Number: 179
rest 2880
rest 2880
Measure Number: 180
rest 2880
rest 2880
Measure Number: 181
rest 2880
rest 2880
Measure Number: 182
rest 2880
rest 2880
Measure Number: 183
rest 2880
rest 2880
Measure Number: 184
rest 2880
rest 2880
Measure Number: 185
rest 2880
rest 2880
Measure Number: 186
rest 2880
rest 2880
Measure Number: 187
rest 2880
rest 2880
Measure Number: 188
rest 2880
rest 2880
Measure Number: 189
rest 2880
rest 2880
Measure Number: 190
rest 2880
rest 2880
Measure Number: 191
rest 2880
rest 2880
Measure Number: 192
rest 2880
rest 2880
Measure Number: 193
rest 2880
rest 2880
Measure Number: 194
rest 2880
rest 2880
Measure Number: 195
rest 2880
rest 2880
Measure Number: 196
rest 2880
rest 2880
Measure Number: 197
rest 2880
rest 2880
Measure Number: 198
rest 2880
rest 2880
Measure Number: 199
rest 2880
rest 2880
Measure Number: 200
rest 2880
rest 2880
Measure Number: 201
rest 2880
rest 2880
Measure Number: 202
rest 2880
rest 2880
Measure Number: 203
rest 2880
rest 2880
Measure Number: 204
rest 2880
rest 2880
Measure Number: 205
rest 2880
rest 2880
Measure Number: 206
rest 2880
rest 2880
Measure Number: 207
rest 2880
rest 2880
Measure Number: 208
rest 1920
rest 1920
Measure Number: 209
rest 1920
rest 1920
Measure Number: 210
rest 1920
rest 1920
Measure Number: 211
rest 1920
rest 1920
Measure Number: 212
rest 1920
rest 1920
Measure Number: 213
rest 1920
rest 1920
Measure Number: 214
rest 1920
rest 1920
Measure Number: 215
rest 1920
rest 1920
Measure Number: 216
rest 1920
rest 1920
Measure Number: 217
rest 1920
rest 1920
Measure Number: 218
rest 1920
rest 1920
Measure Number: 219
rest 1920
rest 1920
Measure Number: 220
rest 1920
rest 1920
Measure Number: 221
rest 1920
rest 1920
Measure Number: 222
rest 1920
rest 1920
Measure Number: 223
rest 1920
rest 1920
Measure Number: 224
rest 1920
rest 1920
Measure Number: 225
rest 1920
rest 1920
Measure Number: 226
rest 1920
rest 1920
Measure Number: 227
rest 1920
rest 1920
Measure Number: 228
rest 1920
rest 1920
Measure Number: 229
rest 1920
rest 1920
Measure Number: 230
rest 1920
rest 1920
Measure Number: 231
rest 1920
rest 1920
Measure Number: 232
rest 1920
rest 1920
Measure Number: 233
rest 1920
rest 1920
Measure Number: 234
rest 1920
rest 1920
Measure Number: 235
rest 1920
rest 1920
Measure Number: 236
rest 1920
rest 1920
Measure Number: 237
rest 1920
rest 1920
Measure Number: 238
rest 1920
rest 1920
Measure Number: 239
rest 1920
rest 1920
Measure Number: 240
rest 1920
rest 1920
Measure Number: 241
rest 1920
rest 1920
Measure Number: 242
rest 1920
rest 1920
Measure Number: 243
rest 1920
rest 1920
Measure Number: 244
rest 1920
rest 1920
Measure Number: 245
rest 1920
rest 1920
Measure Number: 246
rest 3840
rest 3840
Measure Number: 247
rest 3840
rest 3840
Measure Number: 248
rest 1920
rest 1920
Measure Number: 249
rest 1920
rest 1920
Measure Number: 250
rest 1920
rest 1920
Measure Number: 251
rest 1920
rest 1920
Measure Number: 252
rest 1920
rest 1920
Measure Number: 253
rest 1920
rest 1920
Measure Number: 254
rest 1920
rest 1920
Measure Number: 255
rest 1920
rest 1920
Measure Number: 256
rest 1920
rest 1920
Measure Number: 257
rest 1920
rest 1920
Measure Number: 258
rest 1920
rest 1920
Measure Number: 259
rest 1920
rest 1920
Measure Number: 260
rest 1920
rest 1920
Measure Number: 261
rest 1920
rest 1920
Measure Number: 262
rest 1920
rest 1920
