Measure Number: 1
C5 104 6 0
C5 134 12 0
C5 180 6 0
C4 104 6 0
C4 134 12 0
C4 180 6 0
Measure Number: 2
C5 12 12 0
C5 57 6 0
C5 85 12 0
C5 130 6 0
C4 12 12 0
C4 57 6 0
C4 85 12 0
C4 130 6 0
Measure Number: 3
A4 12 12 0
C5 12 12 0
A4 61 6 0
C5 61 6 0
B4 80 12 -1
C5 92 12 0
B4 129 6 -1
C5 141 6 0
F3 12 12 0
C4 12 12 0
F3 61 6 0
C4 61 6 0
F3 92 12 0
C4 92 12 0
F3 141 6 0
C4 141 6 0
Measure Number: 4
E5 12 9 0
D5 56 3 0
C5 78 6 0
A4 118 12 0
F5 118 12 0
F4 167 6 0
D5 167 6 0
B4 12 12 -1
B4 90 6 -1
F3 12 12 0
C4 12 12 0
F3 78 6 0
C4 78 6 0
F3 118 12 0
C4 118 12 0
B3 167 6 -1
Measure Number: 5
F4 10 12 0
C5 10 12 0
E4 56 6 0
A4 56 6 0
C4 85 12 0
F4 85 12 0
B3 132 6 -1
F4 132 6 0
G4 144 6 0
A3 10 12 0
C3 56 6 0
A3 56 6 0
D3 85 12 0
A3 85 12 0
G2 132 6 0
D3 132 6 0
Measure Number: 6
G4 12 18 0
C4 91 12 0
A4 91 12 0
D4 139 6 0
B4 139 6 -1
B3 12 12 -1
E4 12 12 0
B3 61 6 -1
D4 61 6 0
C3 12 12 0
C3 61 6 0
F2 91 12 0
F3 91 12 0
B2 139 6 -1
F3 139 6 0
Measure Number: 7
C4 84 12 0
A4 84 12 0
D4 127 6 0
F4 127 6 0
C4 154 12 0
A4 154 12 0
B3 198 6 -1
B4 198 6 -1
C3 84 12 0
F3 84 12 0
B2 127 6 -1
F3 127 6 0
C3 154 12 0
F3 154 12 0
D3 198 6 0
F3 198 6 0
Measure Number: 8
A4 12 9 0
G4 49 3 0
F4 68 6 0
C4 98 12 0
A4 98 12 0
B3 140 6 -1
B4 140 6 -1
C4 12 12 0
D4 68 6 0
C3 12 12 0
F3 12 12 0
B2 68 6 -1
F3 68 6 0
C3 98 12 0
F3 98 12 0
D3 140 6 0
F3 140 6 0
Measure Number: 9
A4 12 9 0
G4 48 3 0
F4 66 6 0
G4 95 18 0
C4 12 12 0
C4 66 6 0
D4 95 12 0
C4 135 6 0
E4 135 6 0
C3 12 12 0
F3 12 12 0
C3 66 6 0
A3 66 6 0
C3 95 12 0
B3 95 12 -1
C3 135 6 0
B3 135 6 -1
Measure Number: 10
F4 12 18 0
C5 81 18 0
C4 12 12 0
C4 54 6 0
F4 81 12 0
A4 81 12 0
F4 123 6 0
A4 123 6 0
F3 12 12 0
A3 12 12 0
F3 54 6 0
A3 54 6 0
F3 81 12 0
C4 81 12 0
F3 123 6 0
C4 123 6 0
Measure Number: 11
C5 12 12 0
F4 59 6 0
A4 59 6 0
C5 59 6 0
G4 89 12 0
B4 89 12 -1
C5 101 12 0
G4 136 6 0
B4 136 6 -1
C5 148 6 0
F4 12 12 0
A4 12 12 0
F3 12 12 0
C4 12 12 0
F3 59 6 0
C4 59 6 0
F3 89 12 0
C4 89 12 0
F3 136 6 0
C4 136 6 0
Measure Number: 12
E5 12 9 0
D5 52 3 0
C5 73 6 0
F4 113 12 0
A4 113 12 0
F5 113 12 0
F4 158 6 0
D5 158 6 0
G4 12 12 0
B4 12 12 -1
G4 85 6 0
B4 85 6 -1
F3 12 12 0
C4 12 12 0
F3 73 6 0
C4 73 6 0
F3 113 12 0
C4 113 12 0
B3 158 6 -1
Measure Number: 13
F4 81 12 0
C5 81 12 0
E4 126 6 0
A4 126 6 0
C4 154 12 0
F4 154 12 0
B3 200 6 -1
F4 200 6 0
G4 212 6 0
A3 81 12 0
C3 126 6 0
A3 126 6 0
D3 154 12 0
A3 154 12 0
G2 200 6 0
D3 200 6 0
Measure Number: 14
G4 12 18 0
C4 89 12 0
A4 89 12 0
D4 136 6 0
B4 136 6 -1
B3 12 12 -1
E4 12 12 0
B3 59 6 -1
D4 59 6 0
C3 12 12 0
C3 59 6 0
F2 89 12 0
F3 89 12 0
B2 136 6 -1
F3 136 6 0
Measure Number: 15
C4 12 12 0
A4 12 12 0
D4 59 6 0
F4 59 6 0
C4 88 12 0
A4 88 12 0
B3 134 6 -1
B4 134 6 -1
C3 12 12 0
F3 12 12 0
B2 59 6 -1
F3 59 6 0
C3 88 12 0
F3 88 12 0
D3 134 6 0
F3 134 6 0
Measure Number: 16
A4 12 9 0
G4 51 3 0
F4 71 6 0
C4 103 12 0
A4 103 12 0
B3 147 6 -1
B4 147 6 -1
C4 12 12 0
D4 71 6 0
C3 12 12 0
F3 12 12 0
B2 71 6 -1
F3 71 6 0
C3 103 12 0
F3 103 12 0
D3 147 6 0
F3 147 6 0
Measure Number: 17
A4 12 9 0
G4 50 3 0
F4 69 6 0
G4 99 18 0
C4 12 12 0
C4 69 6 0
D4 99 12 0
C4 141 6 0
E4 141 6 0
C3 12 12 0
F3 12 12 0
C3 69 6 0
A3 69 6 0
C3 99 12 0
B3 99 12 -1
C3 141 6 0
B3 141 6 -1
Measure Number: 18
F4 12 18 0
C5 84 18 0
C4 12 12 0
C4 57 6 0
E4 84 12 0
E4 129 6 0
F3 12 12 0
A3 12 12 0
F3 57 6 0
A3 57 6 0
C3 84 12 0
A3 84 12 0
C3 129 6 0
A3 129 6 0
Measure Number: 19
C5 81 12 0
D4 108 6 0
F4 108 6 0
B4 108 6 0
B4 136 0 0
C4 165 12 0
E4 165 12 0
A4 165 12 0
B3 197 6 0
E4 197 6 0
G4 197 6 1
E4 81 12 0
C3 81 12 0
A3 81 12 0
D3 108 6 0
E3 165 12 0
E2 197 6 0
E3 197 6 0
Measure Number: 20
C4 12 12 0
E4 12 12 0
A4 12 12 0
C4 34 6 0
E4 34 6 0
C5 34 6 0
E4 60 12 0
G4 60 12 0
E5 60 12 0
E4 76 6 0
G4 76 6 0
E5 76 6 0
A2 12 12 0
E3 12 12 0
A2 34 6 0
A3 34 6 0
C3 60 12 0
G3 60 12 0
C3 76 6 0
G3 76 6 0
C4 76 6 0
Measure Number: 21
G4 12 12 0
E5 12 12 0
F4 28 6 0
A4 28 6 0
D5 28 6 0
D5 56 0 0
E4 85 12 0
G4 85 12 0
C5 85 12 0
D4 112 6 0
G4 112 6 0
B4 112 6 0
E3 12 12 0
C4 12 12 0
F3 28 6 0
G3 85 12 0
G2 112 6 0
G3 112 6 0
Measure Number: 22
C5 10 18 0
G4 48 12 0
E5 48 12 0
A4 70 6 0
F5 70 6 0
E4 10 12 0
G4 10 12 0
E4 33 6 0
C3 10 12 0
G3 10 12 0
C3 33 6 0
G3 33 6 0
C3 48 12 0
C4 48 12 0
F3 70 6 0
C4 70 6 0
Measure Number: 23
G4 12 12 0
E5 12 12 0
A4 34 6 0
C5 34 6 0
G4 55 12 0
E5 55 12 0
F4 76 6 0
F5 76 6 0
G3 12 12 0
C4 12 12 0
F3 34 6 0
C4 34 6 0
G3 55 12 0
C4 55 12 0
A3 76 6 0
C4 76 6 0
Measure Number: 24
E5 12 9 0
D5 35 3 0
C5 51 6 0
G4 72 12 0
E5 72 12 0
F4 94 6 0
F5 94 6 0
G4 12 12 0
G4 51 6 0
G3 12 12 0
C4 12 12 0
F3 51 6 0
C4 51 6 0
G3 72 12 0
C4 72 12 0
A3 94 6 0
C4 94 6 0
Measure Number: 25
E5 12 9 0
D5 36 3 0
C5 51 6 0
D5 73 18 0
G4 12 12 0
G4 51 6 0
A4 73 12 0
F4 107 6 0
G4 119 6 0
B4 119 6 0
G3 12 12 0
C4 12 12 0
G3 51 6 0
E4 51 6 0
G3 73 12 0
F4 73 12 0
G3 119 6 0
Measure Number: 26
G4 10 18 0
C5 10 18 0
B4 59 18 -1
E4 10 12 0
E4 33 6 0
D4 59 12 0
F4 59 12 0
D4 96 6 -1
G4 96 6 0
C3 10 12 0
C3 33 6 0
D3 59 12 0
E3 96 6 0
Measure Number: 27
C4 84 12 0
A4 95 12 0
A4 158 6 0
C5 158 6 0
A4 204 12 0
C5 204 12 0
A4 278 6 0
C5 278 6 0
G4 84 12 0
F4 158 6 0
F3 84 12 0
F3 158 6 0
C4 158 6 0
F3 204 12 0
C4 204 12 0
F3 278 6 0
C4 278 6 0
Measure Number: 28
E5 12 9 0
D5 74 3 0
C5 105 6 0
A4 155 12 0
F5 155 12 0
F4 225 6 0
D5 225 6 0
B4 12 12 -1
B4 117 6 -1
F3 12 12 0
C4 12 12 0
F3 105 6 0
C4 105 6 0
F3 155 12 0
C4 155 12 0
B3 225 6 -1
Measure Number: 29
F4 10 12 0
C5 10 12 0
E4 80 6 0
A4 80 6 0
C4 125 12 0
F4 125 12 0
B3 196 6 -1
F4 196 6 0
G4 208 6 0
A3 10 12 0
C3 80 6 0
A3 80 6 0
D3 125 12 0
A3 125 12 0
G2 196 6 0
D3 196 6 0
Measure Number: 30
G4 12 18 0
C4 129 12 0
A4 129 12 0
D4 201 6 0
B4 201 6 -1
B3 12 12 -1
E4 12 12 0
B3 84 6 -1
D4 84 6 0
C3 12 12 0
C3 84 6 0
F2 129 12 0
F3 129 12 0
B2 201 6 -1
F3 201 6 0
Measure Number: 31
C4 84 12 0
A4 84 12 0
D4 129 6 0
F4 129 6 0
C4 158 12 0
A4 158 12 0
B3 204 6 -1
B4 204 6 -1
C3 84 12 0
F3 84 12 0
B2 129 6 -1
F3 129 6 0
C3 158 12 0
F3 158 12 0
D3 204 6 0
F3 204 6 0
Measure Number: 32
A4 12 9 0
G4 51 3 0
F4 70 6 0
C4 102 12 0
A4 102 12 0
B3 145 6 -1
B4 145 6 -1
C4 12 12 0
D4 70 6 0
C3 12 12 0
F3 12 12 0
B2 70 6 -1
F3 70 6 0
C3 102 12 0
F3 102 12 0
D3 145 6 0
F3 145 6 0
Measure Number: 33
A4 12 9 0
G4 49 3 0
F4 68 6 0
G4 98 18 0
C4 12 12 0
C4 68 6 0
D4 98 12 0
C4 140 6 0
E4 140 6 0
C3 12 12 0
F3 12 12 0
C3 68 6 0
A3 68 6 0
C3 98 12 0
B3 98 12 -1
C3 140 6 0
B3 140 6 -1
Measure Number: 34
C5 10 18 0
C5 83 12 0
F4 128 6 0
A4 128 6 0
E4 10 12 0
E4 55 6 0
E4 83 12 0
C3 10 12 0
A3 10 12 0
C3 55 6 0
A3 55 6 0
C3 83 12 0
A3 83 12 0
D3 128 6 0
A3 128 6 0
Measure Number: 35
E4 10 12 0
C5 10 12 0
F4 52 6 0
A4 52 6 0
E4 79 12 0
C5 79 12 0
D4 121 6 0
D5 121 6 0
E3 10 12 0
A3 10 12 0
D3 52 6 0
A3 52 6 0
E3 79 12 0
A3 79 12 0
F3 121 6 0
A3 121 6 0
Measure Number: 36
C5 10 9 0
B4 49 3 0
A4 69 6 0
E4 101 12 0
C5 101 12 0
D4 145 6 0
D5 145 6 0
E4 10 12 0
F4 69 6 0
E3 10 12 0
A3 10 12 0
D3 69 6 0
A3 69 6 0
E3 101 12 0
A3 101 12 0
F3 145 6 0
A3 145 6 0
Measure Number: 37
C5 81 9 0
B4 125 3 0
A4 148 6 0
B4 184 18 0
E4 81 12 0
E4 148 6 0
D4 192 12 0
E4 204 12 0
A4 204 12 0
D4 255 6 0
E4 267 6 0
G4 267 6 1
E3 81 12 0
A3 81 12 0
E3 148 6 0
C4 148 6 0
E3 184 12 0
E3 267 6 0
Measure Number: 38
A4 12 18 0
A4 101 18 0
C5 101 18 0
C4 12 12 0
E4 12 12 0
C4 61 6 0
E4 61 6 0
E4 101 12 -1
E4 150 6 -1
A2 12 12 0
A2 61 6 0
F2 101 12 1
F2 150 6 1
Measure Number: 39
D4 10 9 0
G4 10 9 0
B4 10 9 -1
C4 52 3 0
F4 52 3 1
A4 52 3 0
D4 74 6 0
G4 74 6 0
A4 109 18 0
B3 109 12 -1
E4 109 12 0
B3 157 6 -1
E4 157 6 0
G2 10 9 0
A2 52 3 0
B2 74 6 -1
C3 109 12 0
C2 157 6 0
C3 157 6 0
Measure Number: 40
F4 12 18 0
A4 101 18 0
C5 101 18 0
A3 12 12 0
A3 61 6 0
E4 101 12 -1
E4 150 6 -1
F2 12 12 0
C3 12 12 0
F2 61 6 0
F2 101 12 1
F2 150 6 1
Measure Number: 41
C5 11 0 0
D4 40 9 0
G4 40 9 0
B4 40 9 -1
C4 83 3 0
F4 83 3 1
A4 83 3 0
D4 104 6 0
G4 104 6 0
A4 139 18 0
B3 139 12 -1
E4 139 12 0
B3 187 6 -1
E4 187 6 0
G2 40 9 0
A2 83 3 0
B2 104 6 -1
C3 139 12 0
C2 187 6 0
C3 187 6 0
Measure Number: 42
F4 84 18 0
A4 170 18 0
A3 84 12 0
A3 140 6 0
B3 170 12 -1
E4 170 12 0
B3 210 6 -1
E4 210 6 0
C3 84 12 0
C3 140 6 0
C3 170 18 0
F2 84 9 0
E2 119 3 0
D2 140 6 0
C2 170 12 0
C2 210 6 0
Measure Number: 43
F4 12 18 0
A4 99 18 0
A3 12 12 0
A3 69 6 0
B3 99 12 -1
E4 99 12 0
B3 139 6 -1
E4 139 6 0
C3 12 12 0
C3 69 6 0
C3 99 18 0
F2 12 9 0
E2 48 3 0
D2 69 6 0
C2 99 12 0
C2 139 6 0
Measure Number: 44
A3 12 12 0
F4 12 12 0
B3 53 6 -1
E4 53 6 0
A4 53 6 0
A3 79 12 0
F4 79 12 0
B3 120 6 -1
E4 120 6 0
A4 120 6 0
F2 12 12 0
C3 12 12 0
C2 53 6 0
C3 53 6 0
F2 79 12 0
C3 79 12 0
C2 120 6 0
C3 120 6 0
Measure Number: 45
A3 12 12 0
F4 12 12 0
B3 53 6 -1
E4 53 6 0
A4 53 6 0
A3 79 12 0
F4 79 12 0
B3 120 6 -1
E4 120 6 0
A4 120 6 0
F2 12 12 0
C3 12 12 0
C2 53 6 0
C3 53 6 0
F2 79 12 0
C3 79 12 0
C2 120 6 0
C3 120 6 0
Measure Number: 46
A4 188 8 0
A4 216 8 0
A4 244 8 0
A4 272 8 0
A4 300 8 0
A4 335 8 0
F1 20 6 0
F2 44 6 0
C3 67 6 0
F3 91 6 0
A3 115 6 0
C4 138 6 0
F4 162 6 0
A3 188 36 0
C4 188 36 0
F4 188 36 0
F1 20 12 0
F2 188 36 0
C3 188 36 0
F3 188 36 0
Measure Number: 47
F6 84 3 0
A6 84 3 0
E6 109 3 0
C6 135 3 0
A5 161 3 0
F5 186 3 0
A5 186 3 0
E5 212 3 0
C5 238 3 0
A4 263 3 0
F4 289 3 0
A4 289 3 0
E4 315 3 0
C4 341 3 0
A3 366 3 0
A1 84 6 0
A2 84 6 0
E2 135 6 0
E3 135 6 0
B2 186 6 0
B3 186 6 0
C3 238 12 0
C4 238 12 0
rest 6
Measure Number: 48
G3 19 3 1
B3 52 3 0
G4 52 3 1
B3 81 3 0
D4 111 3 0
B4 111 3 0
D4 140 3 0
F4 169 3 0
D5 169 3 0
F4 199 3 0
G4 228 3 1
F5 228 3 0
G4 257 3 1
B4 287 3 0
G5 287 3 1
B4 316 3 0
D5 346 3 0
B5 346 3 0
F3 19 3 0
D3 52 3 0
A2 81 3 0
G3 111 3 1
F3 140 3 0
A2 169 3 0
B3 199 3 0
F3 228 3 0
A2 257 3 0
D4 287 3 0
rest 6
Measure Number: 49
F6 12 3 0
A6 12 3 0
E6 38 3 0
C6 64 3 0
A5 89 3 0
F5 115 3 0
A5 115 3 0
E5 141 3 0
C5 167 3 0
A4 192 3 0
F4 218 3 0
A4 218 3 0
E4 244 3 0
C4 269 3 0
A3 295 3 0
A1 12 6 0
A2 12 6 0
E2 64 6 0
E3 64 6 0
B2 115 6 0
B3 115 6 0
C3 167 12 0
C4 167 12 0
rest 6
Measure Number: 50
B3 93 3 0
D4 121 3 0
B4 121 3 0
D4 150 3 0
F4 178 3 0
D5 178 3 0
F4 206 3 0
G4 236 3 1
F5 236 3 0
G4 264 3 1
B4 295 3 0
G5 295 3 1
B4 323 3 0
D5 352 3 0
B5 352 3 0
D5 380 3 0
F5 408 3 0
D6 408 3 0
G3 93 3 1
F3 121 3 0
A2 150 3 0
B3 178 3 0
F3 206 3 0
A2 236 3 0
D4 264 3 0
F3 295 3 0
A2 323 3 0
F4 352 3 0
rest 6
Measure Number: 51
A6 12 3 0
E7 12 3 0
C7 40 3 0
A6 67 3 0
E6 95 3 0
E6 122 3 0
C7 122 3 0
A6 150 3 0
E6 177 3 0
C6 205 3 0
C6 232 3 0
A6 232 3 0
E6 260 3 0
C6 287 3 0
A5 315 3 0
A1 12 6 0
A2 12 6 0
E2 67 6 0
E3 67 6 0
G2 122 6 1
G3 122 6 1
B2 177 6 0
B3 177 6 0
A2 232 6 0
A3 232 6 0
B2 287 6 0
B3 287 6 0
Measure Number: 52
A5 12 3 0
E6 12 3 0
C6 37 3 0
A5 62 3 0
E5 86 3 0
E5 111 3 0
C6 111 3 0
A5 136 3 0
E5 161 3 0
C5 185 3 0
C5 210 3 0
A5 210 3 0
E5 235 3 0
C5 259 3 0
A4 284 3 0
D3 12 6 0
D4 12 6 0
C3 62 6 0
C4 62 6 0
D3 111 6 1
D4 111 6 1
F3 161 6 0
F4 161 6 0
E3 210 6 0
E4 210 6 0
rest 6
Measure Number: 53
C5 93 3 0
F5 93 3 1
E5 122 3 -1
C5 146 3 0
F4 176 3 1
F4 200 3 1
C5 200 3 0
A4 225 3 0
F4 249 3 1
C4 273 3 0
C4 297 3 0
A4 297 3 0
F4 321 3 1
C4 346 3 0
A3 370 3 0
A1 93 6 0
A2 93 6 0
C2 146 6 0
C3 146 6 0
D2 200 6 0
D3 200 6 0
E2 249 18 -1
E3 249 18 -1
Measure Number: 54
A3 17 3 0
F4 17 3 1
C4 45 3 0
A3 74 3 0
F3 106 3 1
D4 135 3 0
F4 135 3 1
F3 163 3 1
E4 192 3 -1
F4 204 3 1
F3 220 3 1
D4 249 3 0
F4 249 3 1
F3 277 3 1
C4 305 3 0
D4 317 3 0
F4 305 3 1
F3 336 3 1
E2 17 12 -1
E3 17 12 -1
D2 135 6 0
D3 135 6 0
A1 192 6 0
A2 192 6 0
B1 249 6 -1
B2 249 6 -1
A1 305 6 0
A2 305 6 0
Measure Number: 55
E6 18 3 -1
G6 18 3 0
D6 43 3 0
B5 69 3 -1
G5 94 3 0
E5 123 3 -1
G5 123 3 0
D5 148 3 0
B4 174 3 -1
G4 199 3 0
E4 228 3 -1
G4 228 3 0
D4 253 3 0
B3 279 3 -1
G3 304 3 0
G1 18 6 0
G2 18 6 0
D2 69 6 0
D3 69 6 0
A2 123 6 0
A3 123 6 0
B2 174 12 -1
B3 174 12 -1
rest 6
Measure Number: 56
F3 92 3 1
A3 122 3 0
F4 122 3 1
A3 148 3 0
C4 178 3 0
A4 178 3 0
C4 205 3 0
E4 234 3 -1
C5 234 3 0
E4 260 3 -1
F4 289 3 1
E5 289 3 -1
F4 315 3 1
A4 345 3 0
F5 345 3 1
A4 372 3 0
C5 398 3 0
A5 398 3 0
E3 92 3 -1
C3 122 3 0
E2 148 3 0
F3 178 3 1
C3 205 3 0
E2 234 3 0
A3 260 3 0
C3 289 3 0
E2 315 3 0
C4 345 3 0
rest 6
Measure Number: 57
E6 18 3 -1
G6 18 3 0
D6 42 3 0
B5 66 3 -1
G5 91 3 0
E5 120 3 -1
G5 120 3 0
D5 144 3 0
B4 168 3 -1
G4 192 3 0
E4 222 3 -1
G4 222 3 0
D4 246 3 0
B3 270 3 -1
G3 294 3 0
G1 18 6 0
G2 18 6 0
D2 66 6 0
D3 66 6 0
A2 120 6 0
A3 120 6 0
B2 168 12 -1
B3 168 12 -1
rest 6
Measure Number: 58
A3 17 3 0
C4 46 3 0
A4 46 3 0
C4 71 3 0
E4 101 3 -1
C5 101 3 0
E4 126 3 -1
F4 156 3 1
E5 156 3 -1
F4 182 3 1
A4 212 3 0
F5 212 3 1
A4 237 3 0
C5 268 3 0
A5 268 3 0
C5 294 3 0
E5 319 3 -1
C6 319 3 0
F3 17 3 1
E3 46 3 -1
G2 71 3 0
A3 101 3 0
E3 126 3 -1
G2 156 3 0
C4 182 3 0
E3 212 3 -1
G2 237 3 0
E4 268 3 -1
rest 6
Measure Number: 59
G6 84 3 0
D7 84 3 0
B6 112 3 -1
G6 141 3 0
D6 170 3 0
D6 199 3 0
B6 199 3 -1
G6 228 3 0
D6 257 3 0
B5 285 3 -1
B5 314 3 -1
G6 314 3 0
D6 343 3 0
B5 372 3 -1
G5 401 3 0
G1 84 6 0
G2 84 6 0
D2 141 6 0
D3 141 6 0
F2 199 6 1
F3 199 6 1
A2 257 6 0
A3 257 6 0
G2 314 6 0
G3 314 6 0
A2 372 6 0
A3 372 6 0
Measure Number: 60
G5 12 3 0
D6 12 3 0
B5 39 3 -1
G5 65 3 0
D5 92 3 0
D5 118 3 0
B5 118 3 -1
G5 145 3 0
D5 171 3 0
B4 198 3 -1
B4 224 3 -1
G5 224 3 0
D5 251 3 0
B4 277 3 -1
G4 304 3 0
C3 12 6 0
C4 12 6 0
B2 65 6 -1
B3 65 6 -1
C3 118 6 1
C4 118 6 1
E3 171 6 -1
E4 171 6 -1
D3 224 6 0
D4 224 6 0
rest 6
Measure Number: 61
G4 12 3 0
D5 12 3 0
B4 39 3 -1
G4 65 3 0
D4 91 3 0
D4 117 3 0
B4 117 3 -1
G4 144 3 0
D4 170 3 0
B3 196 3 -1
D4 223 3 0
G4 223 3 0
E4 249 3 0
D4 275 3 0
G3 301 3 0
E1 12 6 0
E2 12 6 0
G1 65 6 0
G2 65 6 0
A1 117 6 0
A2 117 6 0
B1 170 18 -1
B2 170 18 -1
Measure Number: 62
G4 84 3 0
D5 84 3 0
B4 109 3 -1
G4 134 3 0
D4 159 3 0
D4 184 3 0
B4 184 3 -1
G4 209 3 0
D4 234 3 0
B3 259 3 -1
D4 284 3 0
G4 284 3 0
E4 309 3 0
D4 334 3 0
G3 359 3 0
E1 84 6 0
E2 84 6 0
G1 134 6 0
G2 134 6 0
A1 184 6 0
A2 184 6 0
B1 234 18 -1
B2 234 18 -1
Measure Number: 63
G3 19 18 0
A3 31 18 0
C4 19 18 1
E4 19 18 0
A4 19 18 0
A3 181 9 0
D4 181 9 0
F4 181 9 0
A4 181 9 0
A3 268 3 0
A4 268 3 0
A3 297 6 0
A4 297 6 0
A1 19 6 0
A2 19 6 0
G2 65 3 1
A2 94 3 0
B2 123 3 0
C3 153 3 1
D3 181 3 0
E3 210 3 0
F3 239 3 0
E3 268 3 0
D3 297 3 0
B2 326 3 -1
Measure Number: 64
G3 19 18 0
A3 31 18 0
C4 19 18 1
E4 19 18 0
A4 19 18 0
A3 179 12 0
D4 179 12 0
F4 179 12 0
A4 179 12 0
B3 292 6 0
F4 292 6 0
G4 304 6 0
B4 292 6 0
A1 19 6 0
A2 19 6 0
G2 64 3 1
A2 92 3 0
B2 121 3 0
C3 151 3 1
D3 179 3 0
E3 207 3 0
F3 235 3 0
E3 264 3 0
D3 292 3 0
D3 321 3 -1
Measure Number: 65
C4 84 18 0
E4 84 18 0
G4 84 18 0
B4 84 18 -1
C5 95 18 0
C4 238 9 0
F4 238 9 0
A4 238 9 -1
C5 238 9 0
C4 322 3 0
C5 322 3 0
C4 350 6 0
C5 350 6 0
C2 84 6 0
C3 84 6 0
B2 128 3 0
C3 155 3 0
D3 183 3 0
E3 210 3 0
F3 238 3 0
G3 265 3 0
A3 295 3 -1
G3 322 3 0
F3 350 3 0
D3 379 3 -1
Measure Number: 66
C4 12 18 0
E4 12 18 0
G4 12 18 0
B4 12 18 -1
C5 24 18 0
C4 163 12 0
F4 163 12 0
A4 163 12 -1
C5 163 12 0
D4 274 6 0
A4 274 6 -1
B4 285 6 -1
D5 274 6 0
C2 12 6 0
C3 12 6 0
B2 55 3 0
C3 82 3 0
D3 109 3 0
E3 136 3 0
F3 163 3 0
G3 190 3 0
A3 220 3 -1
G3 247 3 0
F3 274 3 0
F3 303 3 -1
Measure Number: 67
E4 27 18 -1
G4 27 18 0
B4 27 18 -1
D5 27 18 -1
E5 39 18 -1
E4 182 9 -1
A4 182 9 -1
C5 182 9 -1
E5 182 9 -1
E4 268 3 -1
E5 268 3 -1
E4 295 6 -1
E5 295 6 -1
E2 27 6 -1
E3 27 6 -1
D3 71 3 0
E3 98 3 -1
F3 126 3 0
G3 153 3 0
A3 182 3 -1
B3 209 3 -1
C4 240 3 -1
B3 268 3 -1
A3 295 3 -1
F3 324 3 -1
Measure Number: 68
E4 103 18 -1
G4 103 18 0
B4 103 18 -1
D5 103 18 -1
E5 115 18 -1
E4 245 12 -1
A4 245 12 -1
C5 245 12 -1
E5 245 12 -1
E5 350 6 -1
A5 350 6 -1
E6 350 6 -1
E2 103 6 -1
E3 103 6 -1
D3 142 3 0
E3 167 3 -1
F3 192 3 0
G3 216 3 0
A3 245 3 -1
B3 270 3 -1
C4 301 3 -1
B3 326 3 -1
A3 350 3 -1
E3 375 3 -1
Measure Number: 69
E5 29 12 -1
A5 29 12 -1
E6 29 12 -1
rest 6
E6 193 18 -1
A6 193 18 -1
E7 193 18 -1
F2 29 6 -1
rest 3
C3 104 3 -1
E3 133 3 -1
A3 162 3 -1
C4 193 3 -1
A3 222 3 -1
E3 250 3 -1
C3 279 3 -1
E4 310 6 -1
Measure Number: 70
D6 18 6 0
A6 18 6 -1
D7 18 6 0
C6 50 6 -1
D6 62 6 0
C7 62 6 -1
B5 117 6 -1
D6 117 6 0
B6 117 6 -1
A5 178 6 -1
E6 178 6 0
A6 178 6 -1
G5 233 6 -1
D6 233 6 0
G6 233 6 -1
F5 288 6 -1
A5 288 6 -1
F6 288 6 -1
F2 18 6 -1
rest 3
C3 90 3 -1
D3 117 3 0
A3 147 3 -1
C4 178 3 -1
A3 205 3 -1
D3 233 3 0
C3 261 3 -1
D4 288 6 0
Measure Number: 71
E5 94 18 -1
G5 94 18 0
E6 94 18 -1
C5 240 18 -1
E5 240 18 -1
C6 240 18 -1
E2 94 6 -1
E3 94 6 -1
D2 135 3 0
E2 160 3 -1
F2 186 3 0
G2 211 3 0
A2 240 3 -1
B2 266 3 -1
C3 295 3 -1
D3 324 3 -1
E3 350 3 -1
F3 379 3 -1
Measure Number: 72
B4 18 18 -1
D5 18 18 -1
B5 18 18 -1
A4 171 18 -1
C5 171 18 -1
A5 171 18 -1
E2 18 6 -1
D2 61 3 0
E2 88 3 -1
F2 115 3 0
G2 142 3 0
A2 171 3 -1
B2 198 3 -1
C3 227 3 -1
D3 256 3 -1
E3 286 3 -1
F3 315 3 -1
Measure Number: 73
G4 18 18 -1
B4 18 18 -1
G5 18 18 -1
A4 171 18 -1
C5 171 18 -1
A5 171 18 -1
E2 18 6 -1
D2 61 3 0
E2 88 3 -1
F2 115 3 0
G2 142 3 0
A2 171 3 -1
B2 198 3 -1
C3 227 3 -1
D3 256 3 -1
E3 286 3 -1
F3 315 3 -1
Measure Number: 74
D4 94 18 -1
B4 94 18 -1
D5 94 18 -1
F4 244 18 -1
A4 244 18 -1
F5 244 18 -1
E2 94 6 -1
D2 136 3 0
E2 162 3 -1
F2 189 3 0
G2 215 3 0
A2 244 3 -1
B2 270 3 -1
C3 300 3 -1
D3 329 3 -1
E3 358 3 -1
F3 387 3 -1
Measure Number: 75
E4 18 18 -1
G4 18 18 0
E5 18 18 -1
E4 168 18 -1
A4 168 18 -1
C5 168 18 -1
E2 18 6 -1
D2 60 3 0
E2 86 3 -1
F2 113 3 0
G2 139 3 0
A2 168 3 -1
B2 195 3 -1
C3 224 3 -1
D3 253 3 -1
E3 282 3 -1
F3 311 3 -1
Measure Number: 76
D4 18 18 -1
B4 18 18 -1
C4 168 18 -1
E4 168 18 -1
A4 168 18 -1
E2 18 6 -1
D2 60 3 0
E2 86 3 -1
F2 113 3 0
G2 139 3 0
A2 168 3 -1
B2 195 3 -1
C3 224 3 -1
D3 253 3 -1
E3 282 3 -1
F3 311 3 -1
Measure Number: 77
B3 103 18 -1
D4 103 18 -1
G4 103 18 -1
C4 264 18 -1
E4 264 18 -1
A4 264 18 -1
E2 103 6 -1
D2 149 3 0
E2 178 3 -1
F2 206 3 0
G2 235 3 0
A2 264 3 -1
B2 293 3 -1
C3 322 3 -1
D3 351 3 -1
E3 380 3 -1
F3 409 3 -1
Measure Number: 78
B3 18 18 -1
D4 18 18 -1
A3 179 18 -1
C4 179 18 -1
F4 179 18 -1
E2 18 6 -1
D2 64 3 0
E2 93 3 -1
F2 121 3 0
G2 150 3 0
A2 179 3 -1
B2 208 3 -1
C3 237 3 -1
D3 266 3 -1
E3 295 3 -1
F3 324 3 -1
Measure Number: 79
G3 18 12 0
B3 18 12 -1
E4 18 12 -1
D4 76 3 0
E4 102 3 -1
F4 131 3 -1
G4 160 3 -1
A4 189 3 -1
B4 215 3 -1
C5 244 3 -1
F4 271 3 -1
E2 18 12 -1
rest 6
A3 131 18 -1
C4 131 18 -1
Measure Number: 80
E4 92 12 -1
D4 160 3 0
E4 192 3 -1
F4 223 3 -1
G4 254 3 -1
A4 285 3 -1
B4 316 3 -1
C5 347 3 -1
F4 378 3 -1
G3 92 18 0
B3 92 18 -1
A3 223 18 -1
C4 223 18 -1
Measure Number: 81
E4 16 12 -1
C4 86 3 1
D4 117 3 0
E4 149 3 0
F4 180 3 1
G4 212 3 0
G4 244 3 1
A4 275 3 0
D4 307 3 0
G3 16 18 0
B3 16 18 -1
F3 149 18 1
A3 149 18 0
Measure Number: 82
D4 16 12 -1
B3 86 3 0
C4 118 3 0
D4 149 3 0
E4 181 3 0
F4 213 3 0
F4 245 3 1
G4 276 3 0
B3 308 3 -1
F3 16 18 0
A3 16 18 -1
E3 149 12 0
G3 149 12 0
C3 276 6 0
Measure Number: 83
A3 84 12 0
C5 126 6 0
A4 153 12 0
C5 153 12 0
A4 196 6 0
C5 196 6 0
F2 84 12 0
C4 126 6 0
F3 153 12 0
C4 153 12 0
F3 196 6 0
C4 196 6 0
Measure Number: 84
E5 12 9 0
D5 55 3 0
C5 76 6 0
A4 116 12 0
F5 116 12 0
F4 163 6 0
D5 163 6 0
B4 12 12 -1
B4 88 6 -1
F3 12 12 0
C4 12 12 0
F3 76 6 0
C4 76 6 0
F3 116 12 0
C4 116 12 0
B3 163 6 -1
Measure Number: 85
F4 10 12 0
C5 10 12 0
E4 55 6 0
A4 55 6 0
C4 83 12 0
F4 83 12 0
B3 128 6 -1
F4 128 6 0
G4 140 6 0
A3 10 12 0
C3 55 6 0
A3 55 6 0
D3 83 12 0
A3 83 12 0
G2 128 6 0
D3 128 6 0
Measure Number: 86
G4 12 18 0
C4 89 12 0
A4 89 12 0
D4 135 6 0
B4 135 6 -1
B3 12 12 -1
E4 12 12 0
B3 59 6 -1
D4 59 6 0
C3 12 12 0
C3 59 6 0
F2 89 12 0
F3 89 12 0
B2 135 6 -1
F3 135 6 0
Measure Number: 87
C4 12 12 0
A4 12 12 0
D4 58 6 0
F4 58 6 0
C4 87 12 0
A4 87 12 0
B3 134 6 -1
B4 134 6 -1
C3 12 12 0
F3 12 12 0
B2 58 6 -1
F3 58 6 0
C3 87 12 0
F3 87 12 0
D3 134 6 0
F3 134 6 0
Measure Number: 88
A4 12 9 0
G4 47 3 0
F4 65 6 0
rest 12
rest 6
C4 12 12 0
D4 65 6 0
C3 12 12 0
F3 12 12 0
B2 65 6 -1
F3 65 6 0
rest 12
rest 6
Measure Number: 89
E4 81 12 0
C5 81 12 0
F4 145 6 0
A4 145 6 0
E4 186 12 0
C5 186 12 0
D4 250 6 0
D5 250 6 0
C3 81 12 0
A3 81 12 0
D3 145 6 0
A3 145 6 0
E3 186 12 0
A3 186 12 0
F3 250 6 0
A3 250 6 0
Measure Number: 90
C5 10 9 0
B4 64 3 0
A4 92 6 0
E4 137 12 0
C5 137 12 0
D4 198 6 0
D5 198 6 0
E4 10 12 0
F4 92 6 0
E3 10 12 0
A3 10 12 0
D3 92 6 0
A3 92 6 0
E3 137 12 0
A3 137 12 0
F3 198 6 0
A3 198 6 0
Measure Number: 91
C5 10 9 0
B4 75 3 0
A4 109 6 0
B4 163 18 0
E4 10 12 0
E4 109 6 0
D4 172 12 0
E4 184 12 0
A4 184 12 0
D4 234 6 0
E4 246 6 0
G4 246 6 1
E3 10 12 0
A3 10 12 0
E3 109 6 0
C4 109 6 0
E3 163 12 0
E3 246 6 0
Measure Number: 92
A4 12 18 0
A4 132 18 0
C5 132 18 0
C4 12 12 0
E4 12 12 0
C4 86 6 0
E4 86 6 0
E4 132 12 -1
E4 206 6 -1
A2 12 12 0
A2 86 6 0
F2 132 12 1
F2 206 6 1
Measure Number: 93
C5 81 0 0
D4 110 9 0
G4 110 9 0
B4 110 9 -1
C4 147 3 0
F4 147 3 1
A4 147 3 0
D4 166 6 0
G4 166 6 0
A4 188 18 0
B3 188 12 -1
E4 188 12 0
B3 219 6 -1
E4 219 6 0
G2 110 9 0
A2 147 3 0
B2 166 6 -1
C3 188 12 0
C2 219 6 0
C3 219 6 0
Measure Number: 94
F4 12 18 0
C5 82 18 0
A3 12 12 0
A3 41 6 0
E4 82 12 -1
A4 82 12 0
E4 111 6 -1
A4 111 6 0
F2 12 12 0
C3 12 12 0
F2 41 6 0
F2 82 12 1
F2 111 6 1
Measure Number: 95
C5 11 0 0
D4 40 9 0
G4 40 9 0
B4 40 9 -1
C4 78 3 0
F4 78 3 1
A4 78 3 0
D4 96 6 0
G4 96 6 0
A4 119 18 0
B3 119 12 -1
E4 119 12 0
B3 149 6 -1
E4 149 6 0
G2 40 9 0
A2 78 3 0
B2 96 6 -1
C3 119 12 0
C2 149 6 0
C3 149 6 0
Measure Number: 96
E4 28 36 -1
F4 40 36 1
A3 28 18 0
C4 97 18 0
C3 28 9 0
B2 52 3 -1
A2 67 6 0
E3 97 12 -1
E3 123 6 -1
Measure Number: 97
E4 40 36 -1
G4 40 36 -1
B3 40 18 -2
C4 129 18 0
C3 40 9 0
B2 64 3 -1
B2 100 6 -2
E3 129 12 -1
E3 156 6 -1
Measure Number: 98
E4 29 36 -1
G4 29 36 -1
A3 29 18 -1
C4 111 18 0
C3 29 9 0
B2 56 3 -1
A2 86 6 -1
A2 111 18 -1
B3 111 12 -1
B3 142 6 -1
Measure Number: 99
G4 92 12 -1
F4 130 6 0
B4 170 12 -1
B4 209 6 -1
D4 92 18 -1
C4 170 18 0
E4 170 18 -1
A2 92 36 -1
B3 92 12 -1
A3 130 6 -1
G3 170 12 -1
G3 209 6 -1
Measure Number: 100
B4 16 12 -1
A4 54 6 -1
G4 94 12 -1
G4 133 6 -1
D4 16 18 -1
C4 94 18 0
A2 16 36 -1
G3 16 12 -1
F3 54 6 0
B3 94 12 -1
B3 133 6 -1
Measure Number: 101
G4 27 12 -1
F4 66 6 0
B4 105 12 -1
B4 144 6 -1
D4 27 18 -1
C4 105 18 0
E4 105 18 -1
A2 27 18 -1
G3 105 12 -1
G3 144 6 -1
B3 27 12 -1
A3 66 6 -1
Measure Number: 102
B4 35 12 -1
A4 76 6 -1
A4 107 6 -1
rest 6
rest 6
C4 35 18 -1
E4 35 18 -2
E4 107 18 -2
G3 35 12 -1
F3 76 6 0
C4 107 12 -1
C4 158 6 -1
Measure Number: 103
F4 16 18 0
C5 16 18 -1
A4 100 18 -1
E4 28 18 -2
E4 100 18 -2
A3 16 9 -1
G3 53 3 -1
F3 69 6 0
C4 100 12 -1
C4 135 6 -1
Measure Number: 104
C5 16 36 -1
F4 16 36 0
A3 16 12 -1
D3 51 6 -1
D3 82 18 -1
E4 82 12 -1
E4 117 6 -1
Measure Number: 105
C5 92 12 -1
B4 190 6 -1
E5 251 12 -1
E5 348 6 -1
G4 92 18 -1
F4 251 18 0
A4 251 18 -1
D3 92 36 -1
E4 92 12 -1
D4 190 6 -1
C4 251 12 -1
C4 348 6 -1
Measure Number: 106
E5 22 12 -1
D5 118 6 -1
C5 178 12 -1
C5 273 6 -1
G4 22 18 -1
F4 178 18 0
D3 22 36 -1
C4 22 12 -1
B3 118 6 -1
E4 178 12 -1
E4 273 6 -1
Measure Number: 107
C5 27 12 -1
B4 125 6 -1
E5 186 12 -1
E5 284 6 -1
G4 27 18 -1
F4 186 18 0
A4 186 18 -1
D3 27 18 -1
C4 186 12 -1
C4 284 6 -1
E4 27 12 -1
D4 125 6 -1
Measure Number: 108
E5 111 12 -1
D5 187 6 -1
G4 243 9 0
A4 255 9 1
C5 243 9 1
G5 243 9 0
G4 311 3 1
C5 311 3 1
G5 311 3 1
A4 345 6 0
C5 345 6 1
A5 345 6 0
F4 111 18 -1
A4 111 18 -2
C4 111 12 -1
B3 187 6 -1
E3 243 12 0
E4 243 12 0
E3 345 6 0
E4 345 6 0
Measure Number: 109
A4 29 9 1
E5 29 9 0
G5 17 9 0
A5 29 9 1
B4 88 3 0
E5 88 3 0
G5 88 3 0
B5 88 3 0
C5 119 6 0
E5 119 6 0
G5 119 6 0
C6 119 6 0
C5 168 9 1
E5 168 9 0
A5 168 9 1
C6 168 9 1
D5 227 3 0
A5 227 3 1
D6 227 3 0
D5 260 6 1
A5 260 6 1
D6 260 6 1
C3 29 9 1
C4 29 9 1
B2 88 3 0
B3 88 3 0
A2 119 6 1
A3 119 6 1
G3 168 12 0
G4 168 12 0
G3 260 6 0
G4 260 6 0
Measure Number: 110
E5 31 9 0
A5 31 9 1
C6 31 9 1
E6 31 9 0
E5 93 3 1
A5 93 3 1
E6 93 3 1
F5 126 6 1
A5 126 6 1
F6 126 6 1
G5 198 9 0
B5 198 9 -1
F6 186 9 -1
G6 198 9 0
A5 281 3 -1
F6 281 3 -1
A6 281 3 -1
A5 327 6 0
F6 327 6 -1
A6 327 6 0
E3 31 9 0
E4 31 9 0
D3 93 3 0
D4 93 3 0
C3 126 6 1
C4 126 6 1
D4 198 6 -1
D5 198 6 -1
rest 6
G2 327 6 0
G3 327 6 0
Measure Number: 111
B5 84 6 -1
E6 84 6 -1
B6 84 6 -1
rest 3
F4 131 3 0
F5 131 3 0
E4 163 6 -1
E5 163 6 -1
B4 192 6 -1
B5 192 6 -1
rest 6
G5 251 6 0
D6 251 6 0
G6 251 6 0
G2 84 9 0
G3 84 9 0
F2 131 3 0
F3 131 3 0
E2 163 6 -1
E3 163 6 -1
B2 192 6 -1
B3 192 6 -1
rest 6
B1 251 6 -1
B2 251 6 -1
Measure Number: 112
F5 12 12 0
D6 12 12 0
F6 12 12 0
D5 60 6 0
B5 60 6 -1
D6 60 6 0
B4 89 12 -1
D5 89 12 0
B5 89 12 -1
C5 136 6 0
F5 136 6 0
A5 136 6 0
C6 136 6 0
B1 12 12 -1
B2 12 12 -1
D2 60 6 0
D3 60 6 0
G2 89 12 0
G3 89 12 0
F2 136 6 0
F3 136 6 0
Measure Number: 113
D5 12 12 0
F5 12 12 0
B5 12 12 -1
D6 12 12 0
B4 81 6 -1
D5 81 6 0
B5 81 6 -1
G4 119 12 0
B4 119 12 -1
E5 119 12 -1
G5 119 12 0
A4 170 6 0
D5 170 6 0
F5 170 6 1
A5 170 6 0
B1 12 9 -1
B2 12 9 -1
A1 58 3 0
A2 58 3 0
G1 81 6 0
G2 81 6 0
E2 119 12 -1
E3 119 12 -1
D2 170 6 0
D3 170 6 0
Measure Number: 114
B4 12 12 -1
D5 12 12 0
G5 12 12 0
B5 12 12 -1
G4 89 6 0
B4 89 6 -1
G5 89 6 0
E4 130 12 -1
A4 130 12 -1
E5 130 12 -1
F4 181 6 0
B4 181 6 -1
D5 181 6 0
F5 181 6 0
G1 12 9 0
G2 12 9 0
F1 58 3 0
F2 58 3 0
E1 89 6 -1
E2 89 6 -1
C2 130 12 0
C3 130 12 0
B1 181 6 -1
B2 181 6 -1
Measure Number: 115
F4 38 36 1
B4 38 36 0
D5 38 36 1
F5 38 36 1
B3 88 6 0
B3 119 12 0
B3 169 6 0
A1 38 12 0
A2 38 36 0
Measure Number: 116
D4 107 36 1
F4 107 36 1
B4 107 36 0
B3 107 12 0
B3 142 6 0
B3 168 12 0
B3 203 6 0
A2 107 36 0
Measure Number: 117
F4 17 18 1
B4 17 18 0
B3 140 18 0
E4 140 18 0
B4 140 18 0
D4 17 9 1
C4 59 3 1
B3 89 6 0
E4 124 12 0
C4 179 6 1
G2 124 18 1
A2 17 18 0
Measure Number: 118
B3 26 36 0
D4 26 36 1
A4 26 36 0
B3 49 12 0
A3 66 6 0
F3 107 12 1
B2 147 6 0
F2 26 36 1
Measure Number: 119
A4 16 12 0
G4 59 6 1
G4 96 18 0
B3 16 36 0
E4 16 36 0
E2 16 18 0
E2 96 12 0
F2 140 6 0
Measure Number: 120
G3 16 36 0
B3 16 36 0
F4 16 36 0
G4 28 36 0
G2 16 12 0
G2 47 6 0
G2 73 12 0
G2 104 6 0
Measure Number: 121
G3 14 18 0
D4 14 18 0
F4 14 18 0
G4 26 18 0
G3 82 18 0
C4 82 18 0
E4 82 18 0
G4 82 18 0
B2 14 9 0
A2 43 3 0
G2 58 6 0
C3 82 12 0
A2 115 6 0
Measure Number: 122
G3 84 36 0
C4 84 36 0
E4 84 36 0
G4 84 36 0
G2 84 12 0
E2 125 6 0
C2 151 12 0
A1 193 6 0
Measure Number: 123
B3 16 36 0
F4 16 36 0
G3 16 18 0
G1 16 36 0
A3 62 12 0
A3 101 6 0
Measure Number: 124
F4 12 12 0
E4 59 6 0
A4 98 12 0
A4 144 6 0
C4 12 18 0
B3 98 18 0
D4 98 18 0
G2 12 36 0
A3 12 12 0
G3 59 6 0
F3 98 12 0
F3 144 6 0
Measure Number: 125
A4 12 12 0
G4 59 6 0
F4 98 12 0
F4 144 6 0
C4 12 18 0
B3 98 18 0
G2 12 36 0
F3 12 12 0
E3 59 6 0
A3 98 12 0
A3 144 6 0
Measure Number: 126
F4 12 12 0
E4 59 6 0
A4 98 12 0
A4 144 6 0
C4 12 18 0
B3 98 18 0
D4 98 18 0
G2 12 18 0
F3 98 12 0
F3 144 6 0
A3 12 12 0
G3 59 6 0
Measure Number: 127
A4 27 12 0
G4 73 6 0
G4 102 6 0
rest 6
rest 6
B3 27 18 -1
D4 27 18 -1
D4 102 18 -1
F3 27 12 0
E3 73 6 0
B3 102 12 -1
B3 159 6 -1
Measure Number: 128
E4 92 18 0
B4 92 18 -1
G4 191 18 0
D4 104 18 -1
D4 191 18 -1
G3 92 9 0
F3 135 3 0
E3 156 6 0
B3 191 12 -1
B3 239 6 -1
Measure Number: 129
B4 10 36 -1
E4 10 36 0
G3 10 12 0
C3 64 6 0
D4 98 12 0
D4 153 6 0
C3 98 18 0
Measure Number: 130
B4 12 12 -1
A4 72 6 0
D5 110 12 0
D5 170 6 0
F4 12 18 0
E4 110 18 0
G4 110 18 0
D4 12 12 0
C4 72 6 0
B3 110 12 -1
B3 170 6 -1
C3 12 36 0
Measure Number: 131
D5 10 12 0
C5 70 6 0
B4 108 12 -1
B4 169 6 -1
F4 10 18 0
E4 108 18 0
B3 10 12 -1
A3 70 6 0
D4 108 12 0
D4 169 6 0
C3 10 18 0
C3 108 18 0
Measure Number: 132
B4 12 12 -1
A4 72 6 0
D5 110 12 0
D5 170 6 0
F4 12 18 0
E4 110 18 0
G4 110 18 0
D4 12 12 0
C4 72 6 0
B3 110 12 -1
B3 170 6 -1
C3 12 18 0
Measure Number: 133
D5 103 12 0
C5 172 6 0
F4 222 9 1
A4 222 9 0
C5 222 9 0
F5 222 9 1
G4 283 3 0
C5 283 3 0
G5 283 3 0
A4 315 6 -1
C5 315 6 0
A5 315 6 -1
E4 103 18 -1
G4 103 18 -1
B3 103 12 -1
A3 172 6 0
E3 222 12 -1
E4 222 12 -1
E3 315 6 -1
E4 315 6 -1
Measure Number: 134
A4 40 9 0
E5 28 9 -1
F5 40 9 1
A5 40 9 0
B4 103 3 -1
E5 91 3 -1
F5 103 3 1
B5 103 3 -1
B4 142 6 0
E5 130 6 -1
F5 142 6 1
B5 142 6 0
C5 193 9 0
E5 193 9 -1
A5 193 9 0
C6 193 9 0
C5 256 3 1
A5 256 3 0
C6 256 3 1
D5 288 6 0
A5 288 6 0
D6 288 6 0
C3 40 9 0
C4 40 9 0
B2 103 3 -1
B3 103 3 -1
A2 142 6 0
A3 142 6 0
F3 193 12 1
F4 193 12 1
F3 288 6 1
F4 288 6 1
Measure Number: 135
E5 28 9 -1
F5 40 9 1
A5 40 9 0
E6 40 9 -1
E5 102 3 0
A5 102 3 0
E6 102 3 0
F5 133 6 0
A5 133 6 0
F6 133 6 0
F5 197 9 1
A5 197 9 0
C6 197 9 0
E6 185 9 -1
F6 197 9 1
G5 279 3 0
E6 279 3 -1
G6 279 3 0
A5 333 6 -1
E6 333 6 -1
A6 333 6 -1
E3 40 9 -1
E4 40 9 -1
D3 102 3 -1
D4 102 3 -1
C3 133 6 0
C4 133 6 0
C4 197 6 0
C5 197 6 0
rest 6
F2 333 6 1
F3 333 6 1
Measure Number: 136
A5 93 6 0
E6 93 6 -1
A6 93 6 0
rest 3
F4 135 3 0
F5 135 3 0
E4 167 6 -1
E5 167 6 -1
A4 193 6 0
A5 193 6 0
rest 6
D5 245 6 0
A5 245 6 0
C6 233 6 0
D6 245 6 0
F2 93 9 1
F3 93 9 1
F2 135 3 0
F3 135 3 0
E2 167 6 -1
E3 167 6 -1
A2 193 6 0
A3 193 6 0
rest 6
F1 245 6 1
F2 245 6 1
Measure Number: 137
D5 12 12 0
G5 12 12 0
B5 12 12 -1
D6 12 12 0
B4 52 6 -1
D5 52 6 0
B5 52 6 -1
G4 78 12 0
B4 78 12 -1
D5 78 12 0
G5 78 12 0
A4 118 6 0
D5 118 6 0
A5 118 6 0
G1 12 12 0
G2 12 12 0
D2 52 6 0
D3 52 6 0
G2 78 12 0
G3 78 12 0
F2 118 6 0
F3 118 6 0
Measure Number: 138
B4 12 12 -1
D5 12 12 0
G5 12 12 0
B5 12 12 -1
G4 89 6 0
B4 89 6 -1
E5 89 6 0
G5 89 6 0
E4 125 12 0
G4 125 12 0
C5 125 12 1
E5 125 12 0
F4 187 6 1
C5 187 6 0
E5 175 6 -1
F5 187 6 1
E2 12 9 0
E3 12 9 0
D2 56 3 0
D3 56 3 0
C2 89 6 1
C3 89 6 1
B2 125 12 -1
B3 125 12 -1
A2 187 6 0
A3 187 6 0
Measure Number: 139
G4 12 12 0
D5 12 12 0
G5 12 12 0
E4 76 6 0
B4 76 6 -1
E5 76 6 0
C4 118 12 1
G4 118 12 0
B4 118 12 -1
C5 130 12 1
D4 166 6 0
G4 166 6 0
B4 166 6 -1
D5 166 6 0
B1 12 9 -1
B2 12 9 -1
A1 54 3 0
A2 54 3 0
G1 76 6 0
G2 76 6 0
E2 118 12 0
E3 118 12 0
D2 166 6 0
D3 166 6 0
Measure Number: 140
D4 19 6 1
G4 19 6 0
A4 31 6 0
D5 19 6 1
E4 53 6 0
G4 53 6 0
A4 65 6 0
E5 53 6 0
rest 6
rest 12
rest 6
C2 19 12 1
C3 19 12 1
C2 87 6 0
C3 87 6 0
B1 127 6 0
B2 127 6 0
B1 161 6 -1
B2 161 6 -1
A1 195 6 0
A2 195 6 0
Measure Number: 141
F6 84 3 0
A6 84 3 0
E6 105 3 0
D6 126 3 0
A5 147 3 0
F5 169 3 0
A5 169 3 0
E5 185 3 0
D5 201 3 0
A4 217 3 0
F4 233 3 0
A4 233 3 0
E4 249 3 0
D4 265 3 0
A3 283 3 0
A1 84 6 0
A2 84 6 0
D2 126 6 0
D3 126 6 0
E2 169 6 0
E3 169 6 0
F2 201 12 0
F3 201 12 0
rest 6
Measure Number: 142
B3 12 3 -1
C4 45 3 1
B4 45 3 -1
C4 66 3 1
E4 96 3 0
C5 96 3 1
E4 112 3 0
G4 128 3 0
E5 128 3 0
G4 160 3 0
B4 176 3 -1
G5 176 3 0
B4 192 3 -1
C5 209 3 1
B5 209 3 -1
C5 225 3 1
E5 257 3 0
C6 257 3 1
G3 12 3 0
E3 45 3 0
A2 66 3 0
B3 96 3 -1
G3 112 3 0
A2 128 3 0
C4 160 3 1
G3 176 3 0
A2 192 3 0
E4 209 3 0
rest 6
Measure Number: 143
F6 12 3 0
A6 12 3 0
E6 34 3 0
D6 55 3 0
A5 76 3 0
F5 97 3 0
A5 97 3 0
E5 113 3 0
D5 129 3 0
A4 146 3 0
F4 162 3 0
A4 162 3 0
E4 178 3 0
D4 194 3 0
A3 212 3 0
A1 12 6 0
A2 12 6 0
D2 55 6 0
D3 55 6 0
E2 97 6 0
E3 97 6 0
F2 129 12 0
F3 129 12 0
rest 6
Measure Number: 144
C4 19 3 1
E4 49 3 0
C5 49 3 1
E4 65 3 0
G4 97 3 0
E5 97 3 0
G4 113 3 0
B4 129 3 -1
G5 129 3 0
B4 145 3 -1
C5 161 3 1
B5 161 3 -1
C5 177 3 1
E5 209 3 0
C6 209 3 1
E5 225 3 0
G5 241 3 0
E6 241 3 0
B3 19 3 -1
G3 49 3 0
A2 65 3 0
C4 97 3 1
G3 113 3 0
A2 129 3 0
E4 145 3 0
G3 161 3 0
A2 177 3 0
G4 209 3 0
rest 6
Measure Number: 145
F6 84 3 0
D7 84 3 0
A6 126 3 0
F6 168 3 0
D6 211 3 0
D6 253 3 0
A6 253 3 0
F6 295 3 0
D6 338 3 0
A5 380 3 0
A5 422 3 0
F6 422 3 0
D6 465 3 0
A5 507 3 0
F5 549 3 0
A1 84 6 0
A2 84 6 0
D2 168 6 0
D3 168 6 0
E2 253 6 0
E3 253 6 0
G2 338 6 0
G3 338 6 0
F2 422 6 0
F3 422 6 0
G2 507 6 1
G3 507 6 1
Measure Number: 146
F5 12 3 0
D6 12 3 0
A5 53 3 0
F5 93 3 0
D5 134 3 0
D5 174 3 0
A5 174 3 0
F5 215 3 0
D5 255 3 0
A4 296 3 0
A4 336 3 0
F5 336 3 0
D5 377 3 0
A4 417 3 0
F4 458 3 0
B2 12 6 -1
B3 12 6 -1
A2 93 6 0
A3 93 6 0
C3 174 6 1
C4 174 6 1
E3 255 6 0
E4 255 6 0
D3 336 6 0
D4 336 6 0
rest 6
Measure Number: 147
F4 95 3 0
D5 95 3 0
B4 122 3 0
F4 147 3 0
D4 173 3 0
D4 199 3 0
B4 199 3 0
F4 224 3 0
D4 278 3 0
B3 305 3 0
B3 331 3 0
F4 331 3 0
D4 356 3 0
B3 382 3 0
F3 408 3 0
G1 95 6 1
G2 95 6 1
D2 147 6 0
D3 147 6 0
E2 199 6 0
E3 199 6 0
F2 278 12 0
F3 278 12 0
rest 6
Measure Number: 148
B3 19 3 0
F4 19 3 0
D4 44 3 0
B3 69 3 0
E3 94 3 0
B3 119 3 0
F4 119 3 0
D4 144 3 0
B3 169 3 0
E3 194 3 0
G3 224 3 1
E4 224 3 0
D4 249 3 0
G3 274 3 1
E3 299 3 0
G1 19 18 1
G2 19 18 1
G1 169 6 1
G2 169 6 1
C2 224 6 0
C3 224 6 0
B1 274 6 0
B2 274 6 0
Measure Number: 149
F6 12 3 0
A6 12 3 0
E6 37 3 0
C6 61 3 0
A5 86 3 0
F5 111 3 0
A5 111 3 0
E5 135 3 0
C5 160 3 0
A4 184 3 0
F4 209 3 0
A4 209 3 0
E4 234 3 0
C4 258 3 0
A3 283 3 0
A1 12 6 0
A2 12 6 0
E2 61 6 0
E3 61 6 0
B2 111 6 0
B3 111 6 0
C3 160 12 0
C4 160 12 0
rest 6
Measure Number: 150
G3 84 3 1
B3 116 3 0
G4 116 3 1
B3 144 3 0
D4 174 3 0
B4 174 3 0
D4 202 3 0
F4 230 3 0
D5 230 3 0
F4 258 3 0
G4 286 3 1
F5 286 3 0
G4 314 3 1
B4 344 3 0
G5 344 3 1
B4 372 3 0
D5 400 3 0
B5 400 3 0
F3 84 3 0
D3 116 3 0
A2 144 3 0
G3 174 3 1
F3 202 3 0
A2 230 3 0
B3 258 3 0
F3 286 3 0
A2 314 3 0
D4 344 3 0
rest 6
Measure Number: 151
F6 12 3 0
A6 12 3 0
E6 37 3 0
C6 62 3 0
A5 87 3 0
F5 111 3 0
A5 111 3 0
E5 136 3 0
C5 161 3 0
A4 186 3 0
F4 210 3 0
A4 210 3 0
E4 235 3 0
C4 260 3 0
A3 285 3 0
A1 12 6 0
A2 12 6 0
E2 62 6 0
E3 62 6 0
B2 111 6 0
B3 111 6 0
C3 161 12 0
C4 161 12 0
rest 6
Measure Number: 152
B3 17 3 0
D4 44 3 0
B4 44 3 0
D4 71 3 0
F4 98 3 0
D5 98 3 0
F4 125 3 0
G4 155 3 1
F5 155 3 0
G4 183 3 1
B4 213 3 0
G5 213 3 1
B4 240 3 0
D5 269 3 0
B5 269 3 0
D5 296 3 0
F5 323 3 0
D6 323 3 0
G3 17 3 1
F3 44 3 0
A2 71 3 0
B3 98 3 0
F3 125 3 0
A2 155 3 0
D4 183 3 0
F3 213 3 0
A2 240 3 0
F4 269 3 0
rest 6
Measure Number: 153
A6 84 3 0
E7 84 3 0
C7 112 3 0
A6 141 3 0
E6 169 3 0
E6 198 3 0
C7 198 3 0
A6 226 3 0
E6 255 3 0
C6 283 3 0
C6 312 3 0
A6 312 3 0
E6 340 3 0
C6 369 3 0
A5 397 3 0
A1 84 6 0
A2 84 6 0
E2 141 6 0
E3 141 6 0
G2 198 6 1
G3 198 6 1
B2 255 6 0
B3 255 6 0
A2 312 6 0
A3 312 6 0
B2 369 6 0
B3 369 6 0
Measure Number: 154
A5 12 3 0
E6 12 3 0
C6 38 3 0
A5 64 3 0
E5 90 3 0
E5 115 3 0
C6 115 3 0
A5 141 3 0
E5 167 3 0
C5 192 3 0
C5 218 3 0
A5 218 3 0
E5 244 3 0
C5 270 3 0
A4 295 3 0
D3 12 6 0
D4 12 6 0
C3 64 6 0
C4 64 6 0
D3 115 6 1
D4 115 6 1
F3 167 6 0
F4 167 6 0
E3 218 6 0
E4 218 6 0
rest 6
Measure Number: 155
A4 12 3 0
E5 12 3 0
C5 38 3 0
A4 63 3 0
E4 89 3 0
E4 114 3 0
C5 114 3 0
A4 140 3 0
E4 165 3 0
C4 191 3 0
C4 216 3 0
A4 216 3 0
E4 241 3 0
C4 267 3 0
A3 292 3 0
G1 12 36 0
G2 12 36 0
Measure Number: 156
A3 95 3 0
E4 95 3 0
C4 118 3 0
A3 142 3 0
E3 166 3 0
C4 189 3 0
A4 189 3 0
E4 213 3 0
C4 237 3 0
A3 260 3 0
A3 284 3 0
E4 284 3 0
C4 307 3 0
A3 331 3 0
E3 355 3 0
F1 95 18 1
F2 95 18 1
F1 237 18 0
F2 237 18 0
Measure Number: 157
C4 12 3 0
E4 12 3 0
B3 42 3 0
F4 42 3 0
C4 69 3 0
E4 69 3 0
A3 96 3 0
F4 96 3 0
C4 124 3 0
E4 124 3 0
B3 151 3 0
F4 151 3 0
C4 178 3 0
E4 178 3 0
A3 206 3 0
F4 206 3 0
C4 233 3 0
E4 233 3 0
B3 261 3 0
F4 261 3 0
C4 288 3 0
E4 288 3 0
A3 315 3 0
F4 315 3 0
E1 12 18 0
E2 12 18 0
E2 178 12 0
E3 178 12 0
E2 288 6 0
E3 288 6 0
Measure Number: 158
C4 12 3 0
E4 12 3 0
B3 42 3 0
F4 42 3 0
C4 69 3 0
E4 69 3 0
A3 96 3 0
F4 96 3 0
C4 124 3 0
E4 124 3 0
B3 151 3 0
F4 151 3 0
C4 178 3 0
E4 178 3 0
A3 206 3 0
F4 206 3 0
C4 233 3 0
E4 233 3 0
B3 261 3 0
F4 261 3 0
C4 288 3 0
E4 288 3 0
A3 315 3 0
F4 315 3 0
C2 12 9 0
C3 12 9 0
B1 96 3 0
B2 96 3 0
A1 124 6 0
A2 124 6 0
E2 178 12 0
E3 178 12 0
rest 6
Measure Number: 159
C4 93 3 0
D4 105 3 1
B3 144 3 0
F4 144 3 1
C4 167 3 0
D4 179 3 1
A3 198 3 0
F4 198 3 1
C4 221 3 0
D4 233 3 1
B3 252 3 0
F4 252 3 1
C4 275 3 0
D4 287 3 1
A3 306 3 0
F4 306 3 1
C4 329 3 0
D4 341 3 1
B3 360 3 0
F4 360 3 1
C4 383 3 0
D4 395 3 1
A3 414 3 0
F4 414 3 1
E1 93 18 0
E2 93 18 0
E2 275 12 0
E3 275 12 0
E2 383 6 0
E3 383 6 0
Measure Number: 160
C4 17 3 0
D4 29 3 1
B3 68 3 0
F4 68 3 1
C4 91 3 0
D4 103 3 1
A3 122 3 0
F4 122 3 1
C4 145 3 0
D4 157 3 1
B3 176 3 0
F4 176 3 1
C4 199 3 0
D4 211 3 1
A3 230 3 0
F4 230 3 1
C4 253 3 0
D4 265 3 1
B3 284 3 0
F4 284 3 1
C4 307 3 0
D4 319 3 1
A3 338 3 0
F4 338 3 1
C2 17 9 0
C3 17 9 0
B1 122 3 0
B2 122 3 0
A1 145 6 0
A2 145 6 0
E2 199 12 0
E3 199 12 0
rest 6
Measure Number: 161
C4 12 3 0
E4 12 3 0
B3 42 3 0
A4 42 3 0
C4 64 3 0
E4 64 3 0
A3 87 3 0
A4 87 3 0
C4 109 3 0
E4 109 3 0
B3 131 3 0
A4 131 3 0
C4 154 3 0
E4 154 3 0
A3 176 3 0
A4 176 3 0
C4 199 3 0
E4 199 3 0
B3 221 3 0
A4 221 3 0
C4 244 3 0
E4 244 3 0
A3 266 3 0
A4 266 3 0
E1 12 18 0
E2 12 18 0
E2 154 12 0
E3 154 12 0
E2 244 6 0
E3 244 6 0
Measure Number: 162
C4 84 3 0
E4 84 3 0
B3 113 3 0
A4 113 3 0
C4 140 3 0
E4 140 3 0
A3 167 3 0
A4 167 3 0
C4 194 3 0
E4 194 3 0
B3 221 3 0
A4 221 3 0
C4 248 3 0
E4 248 3 0
A3 275 3 0
A4 275 3 0
C4 302 3 0
E4 302 3 0
B3 329 3 0
A4 329 3 0
C4 356 3 0
E4 356 3 0
A3 383 3 0
A4 383 3 0
E2 84 9 0
E3 84 9 0
D2 167 3 0
D3 167 3 0
C2 194 6 0
C3 194 6 0
A2 248 12 0
A3 248 12 0
F2 356 6 0
F3 356 6 0
Measure Number: 163
C4 12 3 0
E4 12 3 0
B3 42 3 0
A4 42 3 0
C4 69 3 0
E4 69 3 0
A3 96 3 0
A4 96 3 0
C4 123 3 0
E4 123 3 0
B3 150 3 0
A4 150 3 0
C4 177 3 0
E4 177 3 0
A3 204 3 0
A4 204 3 0
C4 231 3 0
E4 231 3 0
B3 258 3 0
A4 258 3 0
C4 285 3 0
E4 285 3 0
A3 312 3 0
A4 312 3 0
E2 12 12 0
E3 12 12 0
C2 123 6 0
C3 123 6 0
A1 177 12 0
A2 177 12 0
B1 285 6 0
B2 285 6 0
Measure Number: 164
C4 12 3 0
E4 12 3 0
B3 42 3 0
A4 42 3 0
C4 69 3 0
E4 69 3 0
A3 96 3 0
A4 96 3 0
C4 123 3 0
E4 123 3 0
B3 150 3 0
A4 150 3 0
C4 177 3 0
E4 177 3 0
A3 204 3 0
A4 204 3 0
C4 231 3 0
E4 231 3 0
B3 258 3 0
A4 258 3 0
C4 285 3 0
E4 285 3 0
A3 312 3 0
A4 312 3 0
C2 12 36 0
C3 12 36 0
Measure Number: 165
D4 114 3 0
F4 114 3 0
C4 139 3 0
A4 139 3 0
D4 164 3 0
F4 164 3 0
B3 193 3 0
A4 193 3 0
D4 218 3 0
F4 218 3 0
C4 243 3 0
A4 243 3 0
D4 268 3 0
F4 268 3 0
B3 293 3 0
A4 293 3 0
D4 318 3 0
F4 318 3 0
C4 344 3 0
A4 344 3 0
D4 369 3 0
F4 369 3 0
B3 394 3 0
A4 394 3 0
D2 91 0 1
E2 102 0 0
E2 114 36 0
Measure Number: 166
D4 12 3 0
F4 12 3 0
C4 38 3 0
A4 38 3 0
D4 63 3 0
F4 63 3 0
B3 92 3 0
A4 92 3 0
D4 117 3 0
F4 117 3 0
C4 142 3 0
A4 142 3 0
D4 168 3 0
F4 168 3 0
B3 193 3 0
A4 193 3 0
D4 218 3 0
F4 218 3 0
C4 244 3 0
A4 244 3 0
D4 269 3 0
F4 269 3 0
B3 294 3 0
A4 294 3 0
E2 12 36 0
Measure Number: 167
E3 12 18 0
D3 73 18 0
E2 12 18 0
D2 73 18 0
Measure Number: 168
C3 12 18 0
B2 90 18 0
C2 12 18 0
B1 90 18 0
Measure Number: 169
rest 3
C4 159 3 0
F4 159 3 0
C4 244 3 0
F4 244 3 0
A3 329 3 0
D4 329 3 1
A3 414 3 0
D4 414 3 1
C4 498 3 0
E4 498 3 0
rest 3
D4 668 3 1
B4 668 3 0
D4 753 3 1
B4 753 3 0
B3 838 3 0
G4 838 3 1
B3 922 3 0
G4 922 3 1
E4 1007 3 0
A4 1007 3 0
A1 74 6 0
A2 74 6 0
A2 244 6 0
F3 244 6 0
C3 414 6 0
E3 414 6 0
F1 583 6 0
F2 583 6 0
B2 753 6 0
G3 753 6 0
F3 922 6 0
Measure Number: 170
rest 3
D5 148 3 0
F5 148 3 0
D5 233 3 0
F5 233 3 0
G4 319 3 1
D5 319 3 1
G4 405 3 1
D5 405 3 1
D5 491 3 0
E5 503 3 0
E5 577 3 0
F5 663 3 0
F5 748 3 0
D5 834 3 1
D5 920 3 1
E5 1006 3 0
D5 589 3 0
G4 663 3 1
G4 748 3 1
D5 850 3 0
D5 936 3 0
G4 1006 3 1
E2 62 6 0
E3 62 6 0
E3 233 6 0
E4 233 6 0
B3 405 6 0
D4 405 6 0
E3 577 6 0
E4 577 6 0
B3 748 6 0
D4 748 6 0
E3 920 6 0
E4 920 6 0
Measure Number: 171
rest 3
D5 92 3 0
E5 104 3 0
D5 135 3 0
E5 147 3 0
C5 190 3 0
F5 190 3 0
C5 233 3 0
F5 233 3 0
C5 276 3 0
F5 276 3 1
C5 318 3 0
F5 318 3 1
B4 361 3 0
G5 361 3 0
B4 404 3 0
G5 404 3 0
B4 447 3 -1
D5 447 3 0
B4 490 3 -1
D5 490 3 0
B4 532 3 -1
E5 532 3 0
A2 62 6 0
A3 62 6 0
A3 147 6 0
E4 147 6 0
D3 233 6 0
D4 233 6 0
G2 318 6 0
G3 318 6 0
G3 404 6 0
D4 404 6 0
C3 490 6 0
C4 490 6 0
Measure Number: 172
B4 16 3 -1
E5 16 3 0
A4 58 3 0
F5 58 3 0
A4 99 3 0
F5 99 3 0
A4 141 3 0
C5 141 3 0
A4 182 3 0
C5 182 3 0
A4 224 3 0
D5 224 3 0
E5 265 3 0
C5 307 3 0
C5 348 3 0
B4 390 3 0
B4 432 3 0
E4 473 3 0
A4 265 6 0
D4 348 6 1
D4 432 6 0
F2 16 6 0
F3 16 6 0
F3 99 6 0
C4 99 6 0
F3 182 6 0
B3 182 6 0
E3 265 6 0
C4 265 6 0
E3 336 6 0
F3 348 6 1
E3 432 6 0
G3 432 6 1
Measure Number: 173
rest 3
C5 96 3 0
F5 96 3 0
C5 131 3 0
F5 131 3 0
A4 166 3 0
D5 166 3 1
A4 200 3 0
D5 200 3 1
C5 235 3 0
E5 235 3 0
rest 3
D5 304 3 1
B5 304 3 0
D5 339 3 1
B5 339 3 0
B4 373 3 0
G5 373 3 1
B4 408 3 0
G5 408 3 1
E5 442 3 0
A5 442 3 0
A2 62 6 0
A3 62 6 0
A3 131 6 0
F4 131 6 0
C4 200 6 0
E4 200 6 0
F2 269 6 0
F3 269 6 0
B3 339 6 0
G4 339 6 0
F4 408 6 0
Measure Number: 174
rest 3
D6 59 3 0
F6 59 3 0
D6 116 3 0
F6 116 3 0
G5 163 3 1
D6 163 3 1
G5 210 3 1
D6 210 3 1
D6 245 3 0
E6 257 3 0
E6 304 3 0
F6 351 3 0
F6 398 3 0
D6 445 3 1
D6 518 3 1
E6 566 3 0
D6 316 3 0
G5 351 3 1
G5 398 3 1
D6 461 3 0
D6 534 3 0
G5 566 3 1
E3 12 6 0
E4 12 6 0
E4 116 6 0
E5 116 6 0
B4 210 6 0
D5 210 6 0
E4 304 6 0
E5 304 6 0
B4 398 6 0
D5 398 6 0
E4 518 6 0
E5 518 6 0
Measure Number: 175
rest 3
D6 94 3 0
E6 106 3 0
D6 137 3 0
E6 149 3 0
C6 191 3 0
F6 191 3 0
C6 233 3 0
F6 233 3 0
C6 276 3 0
F6 276 3 1
C6 318 3 0
F6 318 3 1
B5 361 3 0
G6 361 3 0
B5 403 3 0
G6 403 3 0
B5 446 3 -1
D6 446 3 0
B5 488 3 -1
D6 488 3 0
B5 530 3 -1
E6 530 3 0
A3 64 6 0
A4 64 6 0
A4 149 6 0
E5 149 6 0
D4 233 6 0
D5 233 6 0
G3 318 6 0
G4 318 6 0
G4 403 6 0
D5 403 6 0
C4 488 6 0
C5 488 6 0
Measure Number: 176
B5 18 3 -1
E6 18 3 0
A5 59 3 0
F6 59 3 0
A5 100 3 0
F6 100 3 0
A5 141 3 0
C6 141 3 0
A5 183 3 0
C6 183 3 0
A5 224 3 0
D6 224 3 0
E6 265 3 0
C6 306 3 0
C6 347 3 0
B5 388 3 0
B5 430 3 0
E5 471 3 0
A5 265 6 0
D5 347 6 1
D5 430 6 0
F3 18 6 0
F4 18 6 0
F4 100 6 0
C5 100 6 0
F4 183 6 0
B4 183 6 0
E3 265 6 0
E4 265 6 0
E4 347 6 0
F4 359 6 1
E4 430 6 0
G4 430 6 1
Measure Number: 177
rest 3
A5 103 3 0
C6 103 3 0
G5 145 3 1
C6 145 3 0
G5 187 3 0
C6 187 3 0
F5 228 3 1
C6 228 3 0
F5 270 3 0
C6 270 3 0
F5 312 3 0
B5 312 3 0
E5 353 3 0
B5 353 3 0
D5 395 3 1
B5 395 3 0
E5 437 3 0
B5 437 3 0
F5 478 3 0
B5 478 3 0
E5 520 3 0
B5 520 3 0
A2 62 6 0
A3 62 6 0
A3 145 6 0
A4 145 6 0
C4 228 6 0
F4 228 6 0
G2 312 6 1
G3 312 6 1
G3 395 6 1
G4 395 6 1
B3 478 6 0
E4 478 6 0
Measure Number: 178
B5 29 3 -1
E6 29 3 -1
G5 71 3 0
B5 71 3 -1
F5 112 3 1
B5 112 3 -1
F5 154 3 0
B5 154 3 -1
E5 195 3 0
B5 195 3 -1
E5 237 3 -1
B5 237 3 -1
E5 279 3 -1
A5 279 3 0
D5 320 3 0
A5 320 3 0
C5 362 3 1
A5 362 3 0
D5 403 3 0
A5 403 3 0
E5 445 3 -1
A5 445 3 0
D5 486 3 0
A5 486 3 0
G2 29 6 0
G3 29 6 0
G3 112 6 0
G4 112 6 0
B3 195 6 -1
E4 195 6 -1
F2 279 6 1
F3 279 6 1
F3 362 6 1
F4 362 6 1
A3 445 6 0
D4 445 6 0
Measure Number: 179
A5 86 3 -1
D6 86 3 -1
F5 113 3 0
A5 113 3 -1
E5 140 3 0
A5 140 3 -1
E5 170 3 -1
A5 170 3 -1
D5 197 3 0
A5 197 3 -1
D5 226 3 -1
A5 226 3 -1
A5 253 3 -1
G5 281 6 0
G5 335 6 0
G5 390 3 1
D5 253 9 -1
C5 335 6 0
B4 390 3 0
F2 86 6 0
F3 86 6 0
F3 140 6 0
F4 140 6 0
A3 197 6 -1
D4 197 6 -1
E2 253 6 0
E3 253 6 0
E3 308 6 0
E4 308 6 0
D3 362 6 0
F4 362 6 0
Measure Number: 180
B4 12 3 0
G5 12 3 1
A4 37 3 0
A5 37 3 0
rest 3
A4 78 6 0
B4 90 6 0
F4 140 6 0
F5 140 6 0
F4 190 3 0
F5 190 3 0
A4 206 3 0
B4 218 3 0
F4 243 3 0
F5 243 3 0
G4 273 3 1
B4 273 3 0
E4 298 3 0
E5 298 3 0
C3 12 6 0
E4 12 6 0
D2 62 6 0
D3 62 6 0
D3 115 6 0
A3 115 6 0
B3 127 6 0
D2 165 6 0
D3 165 6 0
D3 218 6 0
A3 218 6 0
B3 230 6 0
E2 273 6 0
E3 273 6 0
Measure Number: 181
rest 3
A4 40 3 0
C5 40 3 0
G4 70 3 1
C5 70 3 0
G4 97 3 0
C5 97 3 0
F4 127 3 1
C5 127 3 0
F4 154 3 0
C5 154 3 0
F4 181 3 0
B4 181 3 0
E4 209 3 0
B4 209 3 0
D4 239 3 1
B4 239 3 0
E4 266 3 0
B4 266 3 0
F4 293 3 0
B4 293 3 0
E4 320 3 0
B4 320 3 0
A1 12 6 0
A2 12 6 0
A2 70 6 0
A3 70 6 0
C3 127 6 0
F3 127 6 0
G1 181 6 1
G2 181 6 1
G2 239 6 1
G3 239 6 1
B2 293 6 0
E3 293 6 0
Measure Number: 182
B4 84 3 -1
E5 84 3 -1
G4 108 3 0
B4 108 3 -1
F4 138 3 1
B4 138 3 -1
F4 165 3 0
B4 165 3 -1
E4 190 3 0
B4 190 3 -1
E4 219 3 -1
B4 219 3 -1
E4 244 3 -1
A4 244 3 0
D4 269 3 0
A4 269 3 0
C4 301 3 1
A4 301 3 0
D4 326 3 0
A4 326 3 0
E4 351 3 -1
A4 351 3 0
D4 375 3 0
A4 375 3 0
G1 84 6 0
G2 84 6 0
G2 138 6 0
G3 138 6 0
B2 190 6 -1
E3 190 6 -1
F1 244 6 1
F2 244 6 1
F2 301 6 1
F3 301 6 1
A2 351 6 0
D3 351 6 0
Measure Number: 183
A4 27 3 -1
D5 27 3 -1
F4 52 3 0
A4 52 3 -1
E4 76 3 0
A4 76 3 -1
E4 105 3 -1
A4 105 3 -1
D4 129 3 0
A4 129 3 -1
D4 158 3 -1
A4 158 3 -1
A4 184 3 -1
G4 208 6 0
G4 257 6 0
G4 305 3 1
D4 184 9 -1
C4 257 6 0
B3 305 3 0
F1 27 6 0
F2 27 6 0
F2 76 6 0
F3 76 6 0
A2 129 6 -1
D3 129 6 -1
E1 184 6 0
E2 184 6 0
E2 232 6 0
E3 232 6 0
D2 281 6 0
F3 281 6 0
Measure Number: 184
B3 12 3 0
G4 12 3 1
A3 37 3 0
A4 37 3 0
rest 3
A3 115 6 0
B3 127 6 0
F3 176 6 0
F4 176 6 0
F3 226 3 0
F4 226 3 0
A3 241 3 0
B3 253 3 0
F3 278 3 0
F4 278 3 0
G3 308 3 1
B3 308 3 0
E3 333 3 0
E4 333 3 0
C2 12 6 0
E3 12 6 0
D1 62 6 0
D2 62 6 0
D2 151 6 0
B2 151 6 0
D1 201 6 0
D2 201 6 0
D2 253 6 0
B2 253 6 0
E1 308 6 0
E2 308 6 0
Measure Number: 185
A3 62 3 0
B3 74 3 0
D3 106 3 1
D4 106 3 1
A4 158 3 0
B4 170 3 0
D4 200 3 1
D5 200 3 1
A4 229 3 -1
C5 229 3 0
E4 258 3 -1
E5 258 3 -1
G4 274 3 0
B4 274 3 0
E4 290 3 -1
E5 290 3 -1
G4 306 3 0
B4 306 3 0
E4 322 3 -1
E5 322 3 -1
G4 338 3 0
B4 338 3 0
D4 365 3 0
D5 365 3 0
F1 74 6 0
F2 74 6 0
F2 158 6 0
F3 158 6 0
F2 229 6 1
F3 229 6 1
G2 274 6 0
G3 274 6 0
G1 306 6 0
G2 306 6 0
G2 338 6 0
G3 338 6 0
Measure Number: 186
B3 19 3 0
C4 31 3 1
E3 63 3 1
E4 63 3 1
B4 93 3 0
C5 105 3 1
E4 135 3 1
E5 135 3 1
B4 165 3 -1
D5 165 3 0
F4 180 3 0
F5 180 3 0
A4 196 3 0
C5 196 3 1
F4 212 3 0
F5 212 3 0
A4 228 3 0
C5 228 3 1
F4 244 3 0
F5 244 3 0
A4 260 3 0
C5 260 3 1
E4 287 3 0
E5 287 3 0
G1 19 6 0
G2 19 6 0
G2 93 6 0
G3 93 6 0
G2 165 6 1
G3 165 6 1
A2 196 6 0
A3 196 6 0
A1 228 6 0
A2 228 6 0
A2 260 6 0
A3 260 6 0
Measure Number: 187
C4 29 3 1
D4 41 3 1
F3 73 3 2
F4 73 3 2
C5 115 3 1
D5 127 3 1
F4 157 3 2
F5 157 3 2
C5 184 3 0
E5 184 3 0
G4 200 3 0
G5 200 3 0
B4 216 3 0
E5 216 3 0
G4 232 3 0
G5 232 3 0
E5 262 3 0
F5 274 3 1
A4 306 3 1
A5 306 3 1
E5 336 3 -1
G5 336 3 0
B4 367 3 -1
B5 367 3 -1
A1 29 6 0
A2 29 6 0
A2 127 6 0
A3 127 6 0
A2 184 6 1
A3 184 6 1
B2 216 6 0
B3 216 6 0
C3 274 6 0
C4 274 6 0
C3 336 6 1
C4 336 6 1
Measure Number: 188
D5 73 3 0
F5 73 3 1
B4 158 3 0
B5 158 3 0
F5 243 3 0
A5 243 3 0
C5 328 3 0
C6 328 3 0
E5 413 3 0
A5 413 3 0
C5 498 3 0
C6 498 3 0
D5 583 3 1
A5 583 3 0
C5 667 3 0
C6 667 3 0
A5 740 3 0
B5 752 3 0
D5 837 3 1
D6 837 3 1
A5 922 3 0
C6 922 3 0
D5 1007 3 1
D6 1007 3 1
D3 73 6 0
D4 73 6 0
D3 243 6 1
A3 243 6 0
C4 231 6 0
D4 243 6 1
E3 413 6 0
A3 413 6 0
C4 413 6 0
E4 413 6 0
F3 583 6 0
A3 583 6 0
C4 583 6 0
F4 583 6 0
F3 752 6 1
A3 740 6 0
B3 752 6 0
F4 752 6 1
F3 922 6 0
A3 922 6 0
C4 922 6 0
F4 922 6 0
Measure Number: 189
F6 64 3 0
A6 64 3 0
C7 64 3 0
E6 106 3 0
D6 148 3 0
F6 148 3 0
A6 148 3 0
C6 191 3 0
B5 233 3 0
D6 233 3 0
F6 233 3 0
A5 275 3 0
G5 317 3 0
B5 317 3 0
D6 317 3 0
F5 360 3 0
E5 402 3 0
G5 402 3 1
B5 402 3 0
D5 444 3 0
C5 486 3 0
E5 486 3 0
G5 486 3 1
B4 528 3 0
E1 64 6 0
E2 64 6 0
A1 148 6 0
A2 148 6 0
B1 233 6 0
B2 233 6 0
D2 317 6 0
D3 317 6 0
F2 402 6 0
F3 402 6 0
E2 486 6 0
E3 486 6 0
Measure Number: 190
F6 12 3 0
A6 12 3 0
C7 12 3 0
E6 55 3 0
D6 97 3 0
F6 97 3 0
A6 97 3 0
C6 139 3 0
B5 181 3 0
D6 181 3 0
F6 181 3 0
A5 223 3 0
G5 266 3 0
B5 266 3 0
D6 266 3 0
F5 308 3 0
E5 350 3 0
G5 350 3 1
B5 350 3 0
D5 392 3 0
C5 435 3 0
E5 435 3 0
G5 435 3 1
B4 477 3 0
E1 12 6 0
E2 12 6 0
A1 97 6 0
A2 97 6 0
B1 181 6 0
B2 181 6 0
D2 266 6 0
D3 266 6 0
F2 350 6 0
F3 350 6 0
E2 435 6 0
E3 435 6 0
Measure Number: 191
B4 76 3 0
F5 118 3 1
A5 106 3 0
B5 118 3 0
B5 159 3 0
F6 201 3 1
A6 189 3 0
B6 201 3 0
B5 242 3 0
F5 284 3 1
A5 272 3 0
B5 284 3 0
C5 326 3 0
F5 367 3 1
A5 367 3 0
C6 367 3 0
C6 409 3 0
F6 451 3 1
A6 451 3 0
C7 451 3 0
C6 492 3 0
F5 534 3 1
A5 534 3 0
C6 534 3 0
D2 76 6 1
D3 76 6 1
A3 147 6 0
B3 159 6 0
F4 159 6 1
rest 6
D2 326 6 1
D3 326 6 1
A3 409 6 0
C4 409 6 0
F4 409 6 1
rest 6
Measure Number: 192
C5 12 3 0
E5 50 3 0
A5 50 3 0
C6 50 3 0
C6 100 3 0
E6 138 3 0
A6 138 3 0
C7 138 3 0
C6 176 3 0
E5 214 3 0
A5 214 3 0
C6 214 3 0
B4 261 3 0
E5 299 3 0
G5 299 3 1
B5 299 3 0
B5 359 3 0
E6 396 3 0
G6 396 3 1
B6 396 3 0
B5 434 3 0
E5 472 3 0
G5 472 3 1
B5 472 3 0
E2 12 6 0
E3 12 6 0
C4 100 6 0
E4 100 6 0
A4 100 6 0
rest 6
E2 261 6 0
E3 261 6 0
B3 359 6 0
E4 359 6 0
G4 359 6 1
rest 6
Measure Number: 193
A6 64 3 0
C7 64 3 0
E7 64 3 0
G6 106 3 0
F6 148 3 0
A6 148 3 0
C7 148 3 0
E6 191 3 0
D6 233 3 0
F6 233 3 0
A6 233 3 0
C6 275 3 0
B5 317 3 0
D6 317 3 0
F6 317 3 0
A5 360 3 0
G5 402 3 0
B5 402 3 0
D6 402 3 0
F5 444 3 0
E5 486 3 0
G5 486 3 1
B5 486 3 0
D5 528 3 0
E1 64 6 0
E2 64 6 0
A1 148 6 0
A2 148 6 0
B1 233 6 0
B2 233 6 0
D2 317 6 0
D3 317 6 0
F2 402 6 0
F3 402 6 0
E2 486 6 0
E3 486 6 0
Measure Number: 194
A6 12 3 0
C7 12 3 0
E7 12 3 0
G6 55 3 0
F6 97 3 0
A6 97 3 0
C7 97 3 0
E6 139 3 0
D6 181 3 0
F6 181 3 0
A6 181 3 0
C6 223 3 0
B5 266 3 0
D6 266 3 0
F6 266 3 0
A5 308 3 0
G5 350 3 0
B5 350 3 0
D6 350 3 0
F5 392 3 0
E5 435 3 0
G5 435 3 1
B5 435 3 0
D5 477 3 0
E1 12 6 0
E2 12 6 0
A1 97 6 0
A2 97 6 0
B1 181 6 0
B2 181 6 0
D2 266 6 0
D3 266 6 0
F2 350 6 0
F3 350 6 0
E2 435 6 0
E3 435 6 0
Measure Number: 195
B4 76 3 0
F5 118 3 1
A5 106 3 0
B5 118 3 0
B5 154 3 0
F6 196 3 1
A6 184 3 0
B6 196 3 0
B5 233 3 0
F5 270 3 1
A5 258 3 0
B5 270 3 0
C5 306 3 0
F5 343 3 1
A5 343 3 0
C6 343 3 0
C6 380 3 0
F6 416 3 1
A6 416 3 0
C7 416 3 0
C6 453 3 0
F5 489 3 1
A5 489 3 0
C6 489 3 0
D2 76 6 1
D3 76 6 1
D3 154 6 1
A3 142 6 0
B3 154 6 0
F4 154 6 1
rest 6
D2 306 6 1
D3 306 6 1
D3 380 6 1
A3 380 6 0
C4 380 6 0
F4 380 6 1
rest 6
Measure Number: 196
C5 19 3 1
G5 72 3 0
B5 60 3 -1
C6 72 3 1
C6 143 3 1
G6 196 3 0
B6 184 3 -1
C7 196 3 1
C6 231 3 1
G5 267 3 0
B5 255 3 -1
C6 267 3 1
D5 313 3 0
G5 352 3 1
B5 352 3 0
D6 352 3 0
D6 411 3 0
G6 452 3 1
B6 452 3 0
D7 452 3 0
D6 488 3 0
G5 523 3 1
B5 523 3 0
D6 523 3 0
E2 19 6 0
E3 19 6 0
B3 143 6 -1
C4 155 6 1
G4 143 6 0
rest 6
E2 313 6 0
E3 313 6 0
B3 411 6 0
D4 411 6 0
G4 411 6 1
rest 6
Measure Number: 197
D5 70 0 1
A5 91 0 0
B5 99 0 0
D6 91 0 1
D6 110 0 1
D6 138 6 1
D7 138 6 1
rest 6
A4 175 6 0
A4 201 12 0
A4 231 6 0
F3 138 6 0
A3 126 6 0
B3 138 6 0
D4 138 6 1
A4 138 6 0
rest 6
A3 175 6 0
A3 201 12 0
A3 231 6 0
Measure Number: 198
A4 10 12 0
A4 35 6 0
A4 61 12 0
A4 86 6 0
A3 10 12 0
A3 35 6 0
A3 61 12 0
A3 86 6 0
Measure Number: 199
E4 10 12 0
C5 10 12 0
F4 35 6 0
A4 35 6 0
E4 61 12 0
C5 61 12 0
D4 86 6 0
D5 86 6 0
C3 10 12 0
A3 10 12 0
D3 35 6 0
A3 35 6 0
E3 61 12 0
A3 61 12 0
F3 86 6 0
A3 86 6 0
Measure Number: 200
C5 10 9 0
B4 35 3 0
A4 50 6 0
E4 71 12 0
C5 71 12 0
D4 99 6 0
D5 99 6 0
E4 10 12 0
F4 50 6 0
E3 10 12 0
A3 10 12 0
D3 50 6 0
A3 50 6 0
E3 71 12 0
A3 71 12 0
F3 99 6 0
A3 99 6 0
Measure Number: 201
E4 12 12 0
A4 12 12 0
E5 12 12 0
rest 6
rest 12
rest 6
E3 12 12 0
C4 12 12 0
rest 6
rest 12
rest 6
Measure Number: 202
rest 12
rest 6
B3 69 18 0
D4 69 18 0
E4 81 18 0
G4 69 18 1
rest 12
rest 6
E3 69 18 0
Measure Number: 203
G3 24 0 1
G3 53 36 1
D4 53 36 0
E4 65 36 0
B4 53 36 0
E1 53 36 0
E2 53 36 0
Measure Number: 204
A3 12 12 0
C4 12 12 0
E4 12 12 0
A4 12 12 0
rest 6
rest 12
rest 6
A1 12 12 0
A2 12 12 0
rest 6
rest 12
rest 6
