Measure Number: 0
C6 120 4 0
B5 157 0 0
C6 173 0 0
rest 4
Measure Number: 1
A6 16 1 0
G6 40 1 0
F6 64 1 0
C6 89 1 0
A5 113 1 0
G5 137 1 0
F5 161 1 0
C5 185 1 0
A4 210 1 0
G4 234 1 0
F4 258 1 0
C4 282 1 0
A3 307 1 0
G3 331 1 0
F3 355 1 0
C3 379 1 0
C3 16 8 0
B2 191 0 0
C3 210 2 0
rest 2
C3 307 2 0
rest 2
F2 15 16 0
Measure Number: 2
F3 16 1 0
G3 41 1 0
A3 66 1 0
C4 90 1 0
F4 115 1 0
G4 140 1 0
A4 165 1 0
C5 189 1 0
F5 214 1 0
G5 239 1 0
A5 264 1 0
C6 289 1 0
F6 313 1 0
G6 338 1 0
A6 363 1 0
G6 388 1 0
F1 16 2 0
F2 16 2 0
rest 2
D3 115 3 0
C3 189 1 0
A3 214 4 0
F3 313 3 0
A2 388 1 0
Measure Number: 3
F6 16 1 0
C6 39 1 0
A5 62 1 0
G5 85 1 0
F5 108 1 0
C5 131 1 0
A4 155 1 0
G4 178 1 0
F4 201 1 0
C4 224 1 0
A3 247 1 0
G3 270 1 0
F3 293 1 0
C3 316 1 0
F3 339 1 0
A3 362 1 0
C3 16 8 0
B2 182 0 0
C3 201 2 0
rest 2
C3 293 2 0
rest 2
F2 15 16 0
Measure Number: 4
G3 82 1 0
C3 102 1 0
G3 122 1 0
A3 141 1 0
B3 161 1 -1
C4 183 1 0
G4 202 1 0
A4 222 1 0
B4 242 1 -1
C5 261 1 0
G5 281 1 0
A5 300 1 0
B5 320 1 -1
C6 339 1 0
G6 359 1 0
A6 379 1 0
E1 82 2 0
E2 82 2 0
rest 2
D3 161 3 0
C3 222 1 0
G3 242 4 0
D4 320 4 0
Measure Number: 5
B6 41 1 -1
A6 63 1 0
G6 83 1 0
C6 103 1 0
B5 123 1 -1
A5 145 1 0
G5 165 1 0
C5 185 1 0
B4 205 1 -1
A4 225 1 0
G4 245 1 0
C4 265 1 0
B3 285 1 -1
A3 305 1 0
G3 325 1 0
C3 345 1 0
E2 9 0 0
C3 25 0 0
C3 41 4 0
C4 41 4 0
rest 4
B2 186 0 0
C3 205 2 0
rest 2
C3 285 2 0
rest 2
Measure Number: 6
G3 16 1 0
A3 38 1 0
B3 59 1 -1
C4 81 1 0
G4 102 1 0
A4 124 1 0
B4 146 1 -1
C5 167 1 0
G5 189 1 0
A5 210 1 0
B5 232 1 -1
C6 254 1 0
G6 276 1 0
A6 298 1 0
B6 320 1 -1
A6 342 1 0
E1 16 2 0
E2 16 2 0
rest 2
D3 102 3 0
C3 167 1 0
B3 189 4 -1
G3 276 3 0
G2 342 1 0
Measure Number: 7
G6 17 1 0
C6 36 1 0
B5 56 1 -1
A5 75 1 0
G5 95 1 0
C5 114 1 0
B4 133 1 -1
A4 153 1 0
G4 172 1 0
C4 191 1 0
B3 213 1 -1
A3 235 1 0
G3 255 1 0
C3 274 1 0
G3 294 1 0
B3 313 1 -1
C3 17 8 0
B2 153 0 0
C3 172 2 0
rest 2
C3 255 2 0
rest 2
E2 16 16 0
Measure Number: 8
A3 82 1 0
C3 110 1 0
F3 137 1 0
G3 165 1 0
A3 192 1 0
C4 220 1 0
F4 247 1 0
G4 275 1 0
A4 302 1 0
C5 330 1 0
F5 357 1 0
G5 384 1 0
A5 412 1 0
C6 439 1 0
F6 467 1 0
A6 494 1 0
F1 82 2 0
F2 82 2 0
rest 2
D3 192 3 0
C3 275 1 0
F3 302 4 0
F4 412 4 0
Measure Number: 9
G6 16 1 0
F6 45 1 0
D6 75 1 0
B5 104 1 -1
G5 133 1 0
F5 163 1 0
D5 192 1 0
B4 221 1 -1
C5 251 1 0
F5 280 1 0
G5 309 1 0
A5 339 1 0
C6 368 1 0
F6 397 1 0
G6 427 1 0
A6 456 1 0
F3 16 8 0
B3 16 8 -1
D4 16 8 0
F4 16 8 0
F3 251 4 0
A3 251 4 0
C4 251 4 0
F4 251 4 0
F3 368 4 0
A3 368 4 0
C4 368 4 0
F4 368 4 0
Measure Number: 10
G6 16 1 0
F6 45 1 0
D6 75 1 0
B5 104 1 -1
G5 133 1 0
F5 163 1 0
D5 192 1 0
B4 221 1 -1
C5 251 1 0
F5 280 1 0
G5 309 1 0
A5 339 1 0
C6 368 1 0
F6 397 1 0
G6 427 1 0
A6 456 1 0
F3 16 8 0
B3 16 8 -1
D4 16 8 0
F4 16 8 0
F3 251 4 0
A3 251 4 0
C4 251 4 0
F4 251 4 0
F3 368 4 0
A3 368 4 0
C4 368 4 0
F4 368 4 0
Measure Number: 11
G6 88 1 0
A6 119 1 0
G6 150 1 0
F6 180 1 0
D6 211 1 0
B5 242 1 0
C6 273 1 0
A5 303 1 0
G5 334 1 0
A5 365 1 0
G5 395 1 0
F5 426 1 0
D5 457 1 0
B4 487 1 0
C5 518 1 0
A4 548 1 0
B3 101 8 0
D4 334 4 0
rest 4
G3 88 12 0
F4 88 12 0
Measure Number: 12
G4 13 1 0
A4 37 1 0
G4 62 1 0
F4 87 1 0
D4 111 1 0
B3 136 1 0
C4 161 1 0
A3 185 1 0
G3 210 1 0
A3 235 1 0
G3 259 1 0
F3 284 1 0
D3 309 1 0
F3 334 1 0
E3 358 1 0
D3 383 1 0
rest 8
rest 4
G2 309 4 0
Measure Number: 13
C3 17 1 0
A3 47 1 0
G3 78 1 0
B3 108 1 0
C4 138 1 0
A4 169 1 0
G4 199 1 0
B4 229 1 0
C5 260 1 0
A5 290 1 0
G5 320 1 0
B5 351 1 0
C7 381 1 0
A6 411 1 0
G6 442 1 0
B6 472 1 0
C2 16 16 0
G2 16 16 0
Measure Number: 14
C7 79 1 0
F6 96 1 0
E6 113 1 0
D7 130 1 0
C7 152 1 0
F6 169 1 0
E6 186 1 0
D7 203 1 0
C7 225 1 0
F6 242 1 0
E6 259 1 0
D7 276 1 0
C7 298 1 0
A6 319 1 0
B6 352 1 -1
G6 371 1 0
C3 79 8 0
G3 79 8 0
E4 79 8 0
rest 4
C3 298 4 0
G3 298 4 0
B3 298 4 -1
E4 298 4 0
Measure Number: 15
A6 43 1 0
G6 65 1 0
F6 87 1 0
C6 109 1 0
A5 132 1 0
G5 154 1 0
F5 176 1 0
C5 199 1 0
A4 221 1 0
G4 243 1 0
F4 266 1 0
C4 288 1 0
A3 310 1 0
G3 332 1 0
F3 355 1 0
C3 377 1 0
F2 6 0 0
C3 16 0 0
A3 27 0 0
F4 43 2 0
rest 2
rest 4
B2 202 0 0
C3 221 2 0
rest 2
C3 310 2 0
rest 2
Measure Number: 16
F3 16 1 0
G3 33 1 0
A3 50 1 0
C4 67 1 0
F4 84 1 0
G4 101 1 0
A4 118 1 0
C5 135 1 0
F5 152 1 0
G5 169 1 0
A5 187 1 0
C6 209 1 0
F6 231 1 0
G6 253 1 0
A6 275 1 0
G6 297 1 0
F1 16 2 0
F2 16 2 0
rest 2
D3 84 3 0
C3 135 1 0
A3 152 4 0
F3 231 3 0
A2 297 1 0
Measure Number: 17
F6 16 1 0
C6 38 1 0
A5 60 1 0
G5 81 1 0
F5 102 1 0
C5 123 1 0
A4 144 1 0
G4 165 1 0
F4 186 1 0
C4 207 1 0
A3 228 1 0
G3 249 1 0
F3 270 1 0
C3 292 1 0
F3 313 1 0
A3 334 1 0
C3 16 8 0
B2 167 0 0
C3 186 2 0
rest 2
C3 270 2 0
rest 2
F2 15 16 0
Measure Number: 18
G3 82 1 0
C3 102 1 0
G3 122 1 0
A3 141 1 0
B3 161 1 -1
C4 183 1 0
G4 202 1 0
A4 222 1 0
B4 242 1 -1
C5 261 1 0
G5 281 1 0
A5 300 1 0
B5 320 1 -1
C6 340 1 0
G6 359 1 0
A6 379 1 0
E1 82 2 0
E2 82 2 0
rest 2
D3 161 3 0
C3 222 1 0
G3 242 4 0
D4 320 4 0
Measure Number: 19
B6 40 1 -1
A6 62 1 0
G6 82 1 0
C6 102 1 0
B5 122 1 -1
A5 144 1 0
G5 164 1 0
C5 184 1 0
B4 204 1 -1
A4 224 1 0
G4 244 1 0
C4 264 1 0
B3 284 1 -1
A3 304 1 0
G3 324 1 0
C3 344 1 0
E2 8 0 0
C3 24 0 0
C3 40 4 0
C4 40 4 0
rest 4
B2 185 0 0
C3 204 2 0
rest 2
C3 284 2 0
rest 2
Measure Number: 20
G3 16 1 0
A3 38 1 0
B3 59 1 -1
C4 81 1 0
G4 102 1 0
A4 124 1 0
B4 146 1 -1
C5 167 1 0
G5 189 1 0
A5 211 1 0
B5 233 1 -1
C6 255 1 0
G6 276 1 0
A6 298 1 0
B6 320 1 -1
A6 342 1 0
E1 16 2 0
E2 16 2 0
rest 2
D3 102 3 0
C3 167 1 0
B3 189 4 -1
G3 276 3 0
G2 342 1 0
Measure Number: 21
G6 17 1 0
C6 36 1 0
B5 56 1 -1
A5 75 1 0
G5 95 1 0
C5 114 1 0
B4 133 1 -1
A4 153 1 0
G4 172 1 0
C4 192 1 0
B3 214 1 -1
A3 236 1 0
G3 255 1 0
C3 274 1 0
G3 294 1 0
B3 313 1 -1
C3 17 8 0
B2 153 0 0
C3 172 2 0
rest 2
C3 255 2 0
rest 2
E2 16 16 0
Measure Number: 22
A3 82 1 0
C3 110 1 0
F3 137 1 0
G3 165 1 0
A3 192 1 0
C4 220 1 0
F4 247 1 0
G4 275 1 0
A4 302 1 0
C5 330 1 0
F5 357 1 0
G5 384 1 0
A5 412 1 0
C6 439 1 0
F6 467 1 0
A6 494 1 0
F1 82 2 0
F2 82 2 0
rest 2
D3 192 3 0
C3 275 1 0
F3 302 4 0
F4 412 4 0
Measure Number: 23
G6 16 1 0
F6 45 1 0
D6 75 1 0
B5 104 1 -1
G5 133 1 0
F5 163 1 0
D5 192 1 0
B4 221 1 -1
C5 251 1 0
F5 280 1 0
G5 309 1 0
A5 339 1 0
C6 368 1 0
F6 397 1 0
G6 427 1 0
A6 456 1 0
F3 16 8 0
B3 16 8 -1
D4 16 8 0
F4 16 8 0
F3 251 4 0
A3 251 4 0
C4 251 4 0
F4 251 4 0
F3 368 4 0
A3 368 4 0
C4 368 4 0
F4 368 4 0
Measure Number: 24
G6 16 1 0
F6 45 1 0
D6 75 1 0
B5 104 1 -1
G5 133 1 0
F5 163 1 0
D5 192 1 0
B4 221 1 -1
C5 251 1 0
F5 280 1 0
G5 309 1 0
A5 339 1 0
C6 368 1 0
F6 397 1 0
G6 427 1 0
A6 456 1 0
F3 16 8 0
B3 16 8 -1
D4 16 8 0
F4 16 8 0
F3 251 4 0
A3 251 4 0
C4 251 4 0
F4 251 4 0
F3 368 4 0
A3 368 4 0
C4 368 4 0
F4 368 4 0
Measure Number: 25
G6 105 1 0
A6 127 1 0
G6 149 1 0
F6 171 1 0
D6 193 1 0
B5 215 1 -1
C6 237 1 0
A5 259 1 0
G5 278 1 0
A5 296 1 0
G5 315 1 0
F5 333 1 0
D5 351 1 0
B4 369 1 -1
C5 387 1 0
A4 405 1 0
B2 104 16 -1
F3 91 16 0
G3 104 16 0
D4 104 16 0
Measure Number: 26
G4 19 1 0
A4 40 1 0
G4 60 1 0
D5 81 1 0
C5 102 1 0
D5 122 1 0
C5 143 1 0
A5 164 1 0
G5 184 1 0
A5 205 1 0
G5 226 1 0
D6 246 1 0
C6 267 1 0
D6 288 1 0
C6 308 1 0
D7 329 1 0
F3 16 8 0
D4 16 8 0
C4 184 4 0
B3 267 4 -1
C3 38 16 0
G3 38 16 0
E3 189 8 0
Measure Number: 27
C7 25 1 0
D7 47 1 0
C7 69 1 0
B6 91 1 -1
G6 111 1 0
E6 132 1 0
F6 152 1 0
D6 172 1 0
C6 192 1 0
D6 214 1 0
C6 236 1 0
B5 258 1 -1
G5 278 1 0
E5 299 1 0
F5 319 1 0
D5 339 1 0
F2 24 16 0
C3 24 16 0
E3 24 16 0
B3 24 16 -1
Measure Number: 28
C5 24 1 0
D5 42 1 0
C5 60 1 0
A4 79 1 0
F4 97 1 0
C4 115 1 0
D4 134 1 0
A3 152 1 0
A3 170 1 0
E3 188 1 0
F3 207 1 0
D3 225 1 0
C3 243 1 0
rest 1
rest 2
F2 24 8 0
C3 24 8 0
F3 24 8 0
A3 24 8 0
rest 4
rest 1
G2 269 1 0
A2 287 1 0
F2 306 1 0
Measure Number: 29
F6 83 1 0
E6 112 1 0
D6 141 1 0
A5 169 1 0
F5 198 1 0
E5 226 1 0
D5 255 1 0
A4 283 1 0
F4 312 1 0
E4 340 1 0
D4 369 1 0
A3 398 1 0
F3 426 1 0
E3 455 1 0
D3 483 1 0
A2 512 1 0
A2 83 8 0
G2 293 0 1
A2 312 2 0
rest 2
A2 426 2 0
rest 2
D2 82 16 0
Measure Number: 30
D3 16 1 0
E3 45 1 0
F3 74 1 0
A3 103 1 0
D4 132 1 0
E4 161 1 0
F4 190 1 0
A4 220 1 0
D5 249 1 0
E5 278 1 0
F5 307 1 0
A5 336 1 0
D6 365 1 0
E6 394 1 0
F6 423 1 0
E6 452 1 0
D1 16 2 0
D2 16 2 0
rest 2
B2 132 3 -1
A2 220 1 0
F3 249 4 0
D3 365 3 0
F2 452 1 0
Measure Number: 31
D6 17 1 0
A5 45 1 0
F5 74 1 0
E5 102 1 0
D5 130 1 0
A4 159 1 0
F4 187 1 0
E4 216 1 0
D4 244 1 0
A3 272 1 0
F3 301 1 0
E3 329 1 0
D3 357 1 0
A2 386 1 0
D3 414 1 0
F3 443 1 0
A2 17 8 0
G2 225 0 1
A2 244 2 0
rest 2
A2 357 2 0
rest 2
D2 16 16 0
Measure Number: 32
E3 95 1 0
A2 122 1 0
E3 150 1 0
F3 177 1 0
G3 205 1 0
A3 232 1 0
E4 260 1 0
F4 287 1 0
G4 315 1 0
A4 342 1 0
E5 370 1 0
F5 397 1 0
G5 425 1 0
A5 452 1 0
E6 480 1 0
F6 507 1 0
C1 95 2 1
C2 95 2 1
rest 2
B2 205 3 -1
A2 287 1 0
E3 315 4 0
B3 425 4 -1
Measure Number: 33
G6 48 1 0
F6 76 1 0
E6 103 1 0
A5 130 1 0
G5 158 1 0
F5 185 1 0
E5 212 1 0
A4 240 1 0
G4 267 1 0
F4 295 1 0
E4 322 1 0
A3 349 1 0
G3 377 1 0
F3 404 1 0
E3 431 1 0
A2 459 1 0
C2 17 0 1
A2 32 0 0
A2 48 4 0
A3 48 4 0
rest 4
G2 248 0 1
A2 267 2 0
rest 2
A2 377 2 0
rest 2
Measure Number: 34
E3 24 1 0
F3 52 1 0
G3 80 1 0
A3 108 1 0
E4 136 1 0
F4 164 1 0
G4 191 1 0
A4 219 1 0
E5 247 1 0
F5 275 1 0
G5 303 1 0
A5 331 1 0
E6 359 1 0
F6 387 1 0
G6 415 1 0
F6 443 1 0
C1 24 2 1
C2 24 2 1
rest 2
B2 136 3 -1
A2 219 1 0
G3 247 4 0
E3 359 3 0
E2 443 1 0
Measure Number: 35
E6 96 1 0
A5 119 1 0
G5 142 1 0
F5 164 1 0
E5 187 1 0
A4 210 1 0
G4 233 1 0
F4 256 1 0
E4 279 1 0
A3 306 1 0
G3 329 1 0
F3 352 1 0
E3 375 1 0
A2 397 1 0
E3 420 1 0
G3 443 1 0
A2 96 8 0
G2 260 0 1
A2 279 2 0
rest 2
A2 375 2 0
rest 2
C2 95 16 1
Measure Number: 36
F3 21 1 1
A2 52 1 0
D3 82 1 1
E3 113 1 0
F3 143 1 1
A3 174 1 0
D4 205 1 1
E4 235 1 0
F4 266 1 1
A4 297 1 0
D5 327 1 1
E5 358 1 0
F5 388 1 1
A5 419 1 0
D6 452 1 1
E6 482 1 0
C2 21 12 0
C4 388 4 0
B2 143 3 0
A2 235 1 0
C3 266 4 0
Measure Number: 37
F6 20 1 1
E6 49 1 0
D6 79 1 1
C7 108 1 0
F6 159 1 1
E6 188 1 0
D6 217 1 1
A5 247 1 0
F6 276 1 0
E6 305 1 -1
D6 334 1 0
B6 364 1 0
F6 392 1 0
E6 421 1 -1
D6 450 1 0
A5 479 1 -1
B2 20 4 0
B3 20 4 0
F4 159 1 1
G4 188 1 1
A4 217 1 0
F5 247 1 1
F4 276 1 0
G4 305 1 -1
A4 334 1 -1
B3 364 1 0
F4 392 1 0
G4 421 1 -1
A4 450 1 -1
F5 479 1 0
Measure Number: 38
F6 92 1 0
E6 121 1 -1
D6 150 1 0
B6 181 1 -1
F6 210 1 0
E6 238 1 -1
D6 267 1 0
A5 296 1 -1
F5 348 1 0
E5 377 1 -1
D5 406 1 0
A4 434 1 -1
F4 463 1 0
E4 492 1 -1
D4 521 1 0
A3 552 1 -1
B3 92 2 -1
rest 2
B3 210 3 -1
B4 210 3 -1
F3 296 1 0
F4 296 1 0
B2 348 4 -1
B3 348 4 -1
F2 463 4 0
F3 463 4 0
Measure Number: 39
rest 4
F6 116 1 0
E6 144 1 -1
D6 172 1 0
A5 200 1 -1
E6 228 1 0
D6 256 1 0
C6 285 1 1
B6 313 1 -1
E6 341 1 0
D6 369 1 0
C6 397 1 1
G5 425 1 0
B1 16 2 -1
B2 16 2 -1
rest 2
F4 116 1 0
G4 144 1 0
A4 172 1 -1
F5 200 1 0
E4 228 1 0
F4 256 1 0
G4 285 1 0
B3 313 1 -1
E4 341 1 0
F4 369 1 0
G4 397 1 0
E5 425 1 0
Measure Number: 40
E6 21 1 0
D6 46 1 0
C6 75 1 1
A6 106 1 0
E6 146 1 0
D6 170 1 0
C6 195 1 1
G5 220 1 0
E5 245 1 0
D5 269 1 0
C5 299 1 1
G4 324 1 0
E4 348 1 0
D4 373 1 0
C4 406 1 1
G3 431 1 0
A3 21 2 0
rest 2
A3 146 3 0
A4 146 3 0
E3 220 1 0
E4 220 1 0
A2 245 4 0
A3 245 4 0
E2 348 4 0
E3 348 4 0
Measure Number: 41
rest 4
E6 192 1 0
D6 223 1 0
C6 258 1 1
G5 289 1 0
D6 320 1 0
C6 351 1 1
B5 382 1 0
F5 414 1 1
C6 447 1 1
B5 478 1 0
A5 509 1 0
E5 540 1 0
A1 82 2 0
A2 82 2 0
rest 2
E4 192 1 0
F4 223 1 1
G4 258 1 0
E5 289 1 0
D4 320 1 0
E4 351 1 0
F4 382 1 1
D5 414 1 0
C4 447 1 1
D4 478 1 0
E4 509 1 0
C5 540 1 1
Measure Number: 42
B5 21 1 0
A5 55 1 0
G5 80 1 0
D5 107 1 0
A5 131 1 0
G5 156 1 0
F5 186 1 1
C5 215 1 1
G5 267 1 0
F5 292 1 1
E5 319 1 0
B4 345 1 0
F5 375 1 1
E5 400 1 0
D5 424 1 0
A4 457 1 0
B3 21 1 0
C4 55 1 1
D4 80 1 0
B4 107 1 0
A3 131 1 0
B3 156 1 0
C4 186 1 1
A4 215 1 0
G3 267 1 0
A3 292 1 0
B3 319 1 0
G4 345 1 0
F3 375 1 1
G3 400 1 0
A3 424 1 0
F4 457 1 1
Measure Number: 43
E5 13 1 0
D5 42 1 0
C5 71 1 1
G4 94 1 0
D5 124 1 0
C5 146 1 1
B4 176 1 0
G4 205 1 1
D5 228 1 0
C5 251 1 1
B4 273 1 0
F4 303 1 1
D5 325 1 0
C5 352 1 0
B4 378 1 0
E4 408 1 1
E3 13 1 0
F3 42 1 1
G3 71 1 0
E4 94 1 0
E3 124 1 1
F3 146 1 1
G3 176 1 1
D4 205 1 0
F3 228 1 1
G3 251 1 1
A3 273 1 0
D4 303 1 0
G3 325 1 1
A3 352 1 0
B3 378 1 0
D4 408 1 0
Measure Number: 44
C5 91 1 1
B4 136 1 0
A4 180 1 0
F4 225 1 1
C5 269 1 0
B4 314 1 0
A4 358 1 0
F4 403 1 1
C5 447 1 0
B4 492 1 0
A4 536 1 0
E4 581 1 0
C5 625 1 0
B4 670 1 0
A4 714 1 0
D4 758 1 1
A3 91 1 0
B3 136 1 0
B3 180 1 1
C4 225 1 1
D3 269 1 1
E3 314 1 0
F3 358 1 1
C4 403 1 0
E3 447 1 0
F3 492 1 1
G3 536 1 0
C4 581 1 0
F3 625 1 1
G3 670 1 0
A3 714 1 0
C4 758 1 0
Measure Number: 45
B4 18 1 0
A4 60 1 0
G4 102 1 0
E4 144 1 0
B4 186 1 -1
A4 228 1 0
G4 270 1 0
E4 313 1 0
B4 355 1 -1
A4 397 1 0
G4 439 1 0
D4 481 1 0
B4 523 1 -1
A4 565 1 0
G4 608 1 0
C4 650 1 1
G3 18 1 0
A3 60 1 0
A3 102 1 1
B3 144 1 0
C3 186 1 1
D3 228 1 0
E3 270 1 0
B3 313 1 -1
D3 355 1 0
E3 397 1 0
F3 439 1 0
B3 481 1 -1
E3 523 1 0
F3 565 1 0
G3 608 1 0
B3 650 1 -1
Measure Number: 46
D4 79 1 0
E4 105 1 0
F4 131 1 0
D5 157 1 0
C4 190 1 1
D4 216 1 0
E4 242 1 0
C5 272 1 1
D4 298 1 0
E4 324 1 0
F4 350 1 0
D5 376 1 0
F4 402 1 0
G4 428 1 0
G4 457 1 1
F5 483 1 0
A3 79 1 0
G3 105 1 0
F3 131 1 0
A2 157 1 0
G3 190 1 0
F3 216 1 0
E3 242 1 0
A2 272 1 0
A3 298 1 0
G3 324 1 0
F3 350 1 0
A2 376 1 0
F3 402 1 0
E3 428 1 0
D3 457 1 0
A2 483 1 0
Measure Number: 47
A4 20 1 0
B4 51 1 0
C5 82 1 1
A5 113 1 0
A5 143 1 0
B5 175 1 0
C6 209 1 1
A6 240 1 0
C6 271 1 1
B5 301 1 0
A5 332 1 0
A5 363 1 0
C5 394 1 1
B4 424 1 0
A4 455 1 0
A4 486 1 0
A2 20 4 0
C3 20 4 1
A2 143 12 0
A1 143 8 0
C3 394 4 1
E3 394 4 0
Measure Number: 48
B4 19 1 -1
C5 46 1 0
D5 74 1 0
B5 105 1 -1
B5 133 1 -1
C6 161 1 0
D6 188 1 0
B6 216 1 -1
D6 244 1 0
C6 271 1 0
B5 299 1 -1
B5 326 1 -1
D5 354 1 0
C5 381 1 0
B4 409 1 -1
B4 437 1 -1
F3 15 4 0
G3 133 3 0
F3 216 1 0
B3 244 4 -1
D4 354 4 0
F3 244 8 0
A2 18 16 0
D3 18 16 0
Measure Number: 49
B4 105 1 0
C5 136 1 1
D5 166 1 1
B5 196 1 0
B5 226 1 0
C6 256 1 1
D6 286 1 1
B6 316 1 0
D6 346 1 1
C6 376 1 1
B5 406 1 0
B5 437 1 0
D5 467 1 1
C5 497 1 1
B4 527 1 0
B4 557 1 0
B3 105 4 0
A2 226 12 0
A2 105 4 0
D3 105 4 1
F3 105 4 1
A1 226 8 0
D3 467 4 1
F3 467 4 1
Measure Number: 50
C5 18 1 0
D5 42 1 0
E5 66 1 0
C6 96 1 0
C6 120 1 0
D6 145 1 0
E6 169 1 0
C7 193 1 0
E6 223 1 0
D6 248 1 0
C6 272 1 0
C6 296 1 0
E5 321 1 0
D5 345 1 0
C5 369 1 0
C5 393 1 0
G3 14 4 0
A3 120 3 0
G3 193 1 0
C4 223 4 0
E4 321 4 0
G3 223 8 0
A2 17 16 0
E3 17 16 0
Measure Number: 51
C5 36 1 1
D5 62 1 0
E5 89 1 0
C6 122 1 1
E5 148 1 0
F5 175 1 0
G5 201 1 0
E6 228 1 0
G5 255 1 0
A5 281 1 0
B5 314 1 -1
G6 340 1 0
B5 367 1 -1
C6 393 1 0
C6 423 1 1
B6 450 1 -1
A2 36 4 0
E3 36 4 0
G3 36 4 0
C4 36 4 1
A1 148 4 0
A2 148 4 0
rest 4
G3 367 1 0
A3 393 1 0
B3 423 1 -1
E4 450 1 0
Measure Number: 52
G5 82 1 0
A5 112 1 0
B5 146 1 -1
G6 176 1 0
E5 206 1 0
F5 236 1 0
G5 266 1 0
E6 296 1 0
G5 326 1 0
A5 356 1 0
B5 386 1 -1
G6 416 1 0
B5 446 1 -1
C6 476 1 0
C6 506 1 1
B6 536 1 -1
B3 82 1 -1
C4 112 1 0
C4 146 1 1
G4 176 1 0
C4 206 1 1
D4 236 1 0
E4 266 1 0
B4 296 1 -1
E4 326 1 0
F4 356 1 0
G4 386 1 0
C5 416 1 1
G4 446 1 0
A4 476 1 0
B4 506 1 -1
E5 536 1 0
Measure Number: 53
E6 13 1 0
D6 40 1 0
C6 69 1 1
G5 96 1 0
E6 123 1 0
D6 151 1 0
C6 178 1 1
B6 211 1 -1
E6 238 1 0
D6 265 1 0
C6 292 1 1
G5 319 1 0
E6 347 1 0
D6 374 1 0
C6 401 1 1
B6 428 1 -1
G5 13 2 0
rest 2
G4 123 1 0
A4 151 1 0
B4 178 1 -1
C4 211 1 1
G4 238 1 0
A4 265 1 0
B4 292 1 -1
E5 319 1 0
G4 347 1 0
A4 374 1 0
B4 401 1 -1
C4 428 1 1
Measure Number: 54
E6 13 1 0
D6 41 1 0
C6 70 1 1
G5 98 1 0
C6 126 1 1
D6 154 1 0
E6 182 1 0
B6 215 1 -1
E6 243 1 0
D6 271 1 0
C6 300 1 1
G5 328 1 0
C6 356 1 1
D6 384 1 0
E6 412 1 0
B6 442 1 -1
G4 13 1 0
A4 41 1 0
B4 70 1 -1
E5 98 1 0
B4 126 1 -1
A4 154 1 0
G4 182 1 0
C4 215 1 1
G4 243 1 0
A4 271 1 0
B4 300 1 -1
E5 328 1 0
B4 356 1 -1
A4 384 1 0
G4 412 1 0
C4 442 1 0
Measure Number: 55
E6 78 1 0
D6 104 1 0
C6 130 1 0
G5 156 1 0
E6 182 1 0
D6 208 1 0
C6 234 1 0
B6 260 1 -1
E6 286 1 0
D6 312 1 0
C6 338 1 0
G5 364 1 0
E6 390 1 0
D6 416 1 0
C6 442 1 0
B6 467 1 -1
G4 78 1 0
A4 104 1 0
B4 130 1 -1
E5 156 1 0
G4 182 1 0
A4 208 1 0
B4 234 1 -1
C4 260 1 0
G4 286 1 0
A4 312 1 0
B4 338 1 -1
E5 364 1 0
G4 390 1 0
A4 416 1 0
B4 442 1 -1
C4 467 1 0
Measure Number: 56
E6 13 1 0
D6 38 1 0
C6 63 1 0
G5 88 1 0
C6 113 1 0
D6 138 1 0
E6 163 1 0
B6 188 1 -1
E6 213 1 0
D6 238 1 0
C6 263 1 0
G5 288 1 0
C6 313 1 0
D6 338 1 0
E6 363 1 0
B6 388 1 -1
G4 13 1 0
A4 38 1 0
B4 63 1 -1
E5 88 1 0
B4 113 1 -1
A4 138 1 0
G4 163 1 0
C4 188 1 0
G4 213 1 0
A4 238 1 0
B4 263 1 -1
E5 288 1 0
B4 313 1 -1
A4 338 1 0
G4 363 1 0
C4 388 1 0
Measure Number: 57
E6 16 1 0
D6 51 1 0
C6 87 1 0
G5 122 1 0
F6 157 1 0
E6 193 1 0
D6 228 1 0
G5 263 1 1
F6 298 1 0
E6 334 1 0
D6 369 1 0
G5 404 1 1
E6 440 1 0
D6 475 1 0
C6 510 1 1
G5 546 1 0
G4 16 1 0
A4 51 1 0
B4 87 1 -1
E5 122 1 0
G4 157 1 1
A4 193 1 0
B4 228 1 0
F5 263 1 0
G4 298 1 1
A4 334 1 0
B4 369 1 0
F5 404 1 0
G4 440 1 0
A4 475 1 0
B4 510 1 -1
E5 546 1 0
Measure Number: 58
E6 78 1 0
D6 121 1 0
C6 164 1 1
G5 206 1 0
F6 249 1 0
E6 292 1 0
D6 335 1 0
G5 377 1 1
F6 420 1 0
E6 463 1 0
D6 506 1 0
G5 548 1 1
F6 591 1 1
E6 634 1 0
D6 677 1 1
A5 720 1 0
G4 78 1 0
A4 121 1 0
B4 164 1 -1
E5 206 1 0
G4 249 1 1
A4 292 1 0
B4 335 1 0
F5 377 1 0
G4 420 1 1
A4 463 1 0
B4 506 1 0
F5 548 1 0
A4 591 1 0
B4 634 1 -1
C5 677 1 0
F5 720 1 1
Measure Number: 59
F6 24 1 1
E6 68 1 0
D6 113 1 1
A5 157 1 0
G6 201 1 0
F6 245 1 0
E6 290 1 0
B5 334 1 -1
G6 378 1 0
F6 423 1 0
E6 467 1 0
B5 511 1 -1
F6 555 1 1
E6 600 1 0
D6 644 1 1
A5 688 1 0
A4 24 1 0
B4 68 1 -1
C5 113 1 0
F5 157 1 1
B4 201 1 -1
C5 245 1 0
C5 290 1 1
G5 334 1 0
B4 378 1 -1
C5 423 1 0
C5 467 1 1
G5 511 1 0
A4 555 1 0
B4 600 1 -1
C5 644 1 0
F5 688 1 1
Measure Number: 60
F6 78 1 1
E6 115 1 0
D6 151 1 1
A5 188 1 0
G6 224 1 0
F6 261 1 0
E6 298 1 0
B5 334 1 -1
G6 371 1 0
F6 407 1 0
E6 444 1 0
B5 481 1 -1
G6 517 1 1
G6 554 1 0
F6 590 1 0
B5 627 1 0
A4 78 1 0
B4 115 1 -1
C5 151 1 0
F5 188 1 1
B4 224 1 -1
C5 261 1 0
C5 298 1 1
G5 334 1 0
B4 371 1 -1
C5 407 1 0
C5 444 1 1
G5 481 1 0
B4 517 1 0
C5 554 1 0
D5 590 1 0
G5 627 1 1
Measure Number: 61
A6 24 1 0
G6 47 1 0
F6 71 1 0
C6 94 1 0
A5 117 1 0
G5 140 1 0
F5 163 1 0
C5 187 1 0
A4 221 1 0
G4 245 1 0
F4 268 1 0
C4 291 1 0
A3 314 1 0
G3 337 1 0
F3 361 1 0
C3 384 1 0
F4 24 2 0
C5 24 2 0
A5 24 2 0
rest 2
rest 4
F3 221 2 0
C4 221 2 0
rest 2
F2 314 2 0
C3 314 2 0
rest 2
Measure Number: 62
F3 16 1 0
G3 41 1 0
A3 66 1 0
C4 91 1 0
F4 115 1 0
G4 140 1 0
A4 165 1 0
C5 190 1 0
F5 215 1 0
G5 240 1 0
A5 265 1 0
C6 289 1 0
F6 314 1 0
G6 339 1 0
A6 364 1 0
G6 389 1 0
F1 16 2 0
F2 16 2 0
rest 2
D3 115 3 0
C3 190 1 0
A3 215 4 0
F3 314 3 0
A2 389 1 0
Measure Number: 63
F6 80 1 0
C6 108 1 0
A5 136 1 0
G5 165 1 0
F5 193 1 0
C5 221 1 0
A4 249 1 0
G4 278 1 0
F4 306 1 0
C4 334 1 0
A3 362 1 0
G3 390 1 0
F3 419 1 0
C3 447 1 0
F3 475 1 0
A3 503 1 0
C3 80 8 0
B2 287 0 0
C3 306 2 0
rest 2
C3 419 2 0
rest 2
F2 79 16 0
Measure Number: 64
G3 16 1 0
C3 44 1 0
G3 72 1 0
A3 100 1 0
B3 128 1 -1
C4 156 1 0
G4 184 1 0
A4 212 1 0
B4 240 1 -1
C5 268 1 0
G5 296 1 0
A5 324 1 0
B5 352 1 -1
C6 380 1 0
G6 408 1 0
A6 435 1 0
E1 16 2 0
E2 16 2 0
rest 2
D3 128 3 0
C3 212 1 0
G3 240 4 0
D4 352 4 0
Measure Number: 65
B6 42 1 -1
A6 70 1 0
G6 99 1 0
C6 127 1 0
B5 156 1 -1
A5 184 1 0
G5 213 1 0
C5 241 1 0
B4 270 1 -1
A4 298 1 0
G4 327 1 0
C4 355 1 0
B3 383 1 -1
A3 412 1 0
G3 440 1 0
C3 469 1 0
E2 10 0 0
C3 26 0 0
C3 42 4 0
C4 42 4 0
rest 4
B2 250 0 0
C3 270 2 0
rest 2
C3 383 2 0
rest 2
Measure Number: 66
G3 82 1 0
A3 127 1 0
B3 172 1 -1
C4 216 1 0
G4 261 1 0
A4 305 1 0
B4 350 1 -1
C5 394 1 0
G5 439 1 0
A5 483 1 0
B5 528 1 -1
C6 572 1 0
G6 617 1 0
A6 661 1 0
B6 706 1 -1
A6 750 1 0
E1 82 2 0
E2 82 2 0
rest 2
D3 261 3 0
C3 394 1 0
B3 439 4 -1
G3 617 3 0
G2 750 1 0
Measure Number: 67
G6 17 1 0
C6 60 1 0
B5 102 1 -1
A5 145 1 0
G5 188 1 0
C5 230 1 0
B4 273 1 -1
A4 316 1 0
G4 358 1 0
C4 401 1 0
B3 444 1 -1
A3 487 1 0
G3 529 1 0
C3 572 1 0
G3 615 1 0
B3 657 1 -1
C3 17 8 0
B2 339 0 0
C3 358 2 0
rest 2
C3 529 2 0
rest 2
E2 16 16 0
Measure Number: 68
A3 82 1 0
C3 110 1 0
F3 138 1 0
G3 166 1 0
A3 193 1 0
C4 221 1 0
F4 249 1 0
G4 277 1 0
A4 304 1 0
C5 332 1 0
F5 360 1 0
G5 388 1 0
A5 415 1 0
C6 443 1 0
F6 471 1 0
A6 498 1 0
F1 82 2 0
F2 82 2 0
rest 2
D3 193 3 0
C3 277 1 0
F3 304 4 0
F4 415 4 0
Measure Number: 69
G6 16 1 0
F6 46 1 0
D6 76 1 0
B5 106 1 -1
G5 136 1 0
F5 167 1 0
D5 197 1 0
B4 227 1 -1
C5 257 1 0
F5 287 1 0
G5 317 1 0
A5 347 1 0
C6 377 1 0
F6 407 1 0
G6 438 1 0
A6 468 1 0
F3 16 8 0
B3 16 8 -1
D4 16 8 0
F4 16 8 0
F3 257 4 0
A3 257 4 0
C4 257 4 0
F4 257 4 0
F3 377 4 0
A3 377 4 0
C4 377 4 0
F4 377 4 0
Measure Number: 70
G6 16 1 0
F6 44 1 0
D6 73 1 0
B5 101 1 -1
G5 129 1 0
F5 157 1 0
D5 186 1 0
B4 214 1 -1
C5 242 1 0
F5 270 1 0
G5 299 1 0
A5 327 1 0
C6 355 1 0
F6 384 1 0
G6 412 1 0
A6 440 1 0
F3 16 8 0
B3 16 8 -1
D4 16 8 0
F4 16 8 0
F3 242 4 0
A3 242 4 0
C4 242 4 0
F4 242 4 0
F3 355 4 0
A3 355 4 0
C4 355 4 0
F4 355 4 0
Measure Number: 71
G6 97 1 0
A6 126 1 0
G6 155 1 0
F6 184 1 0
B5 214 1 0
G5 243 1 0
F5 272 1 0
B4 301 1 0
G4 330 1 0
F4 359 1 0
B3 387 1 0
G3 416 1 0
F3 445 1 0
B2 483 3 0
D3 97 4 -1
G3 97 4 0
B3 97 4 0
F4 97 4 0
rest 4
rest 4
rest 1
B2 483 1 0
G2 512 1 0
F2 541 1 0
Measure Number: 72
rest 1
D3 51 1 -1
F3 81 1 0
G3 111 1 0
D4 141 1 -1
F4 170 1 0
G4 200 1 0
D5 230 1 -1
F5 260 1 0
G5 290 1 0
D6 321 1 -1
F6 351 1 0
G6 381 1 0
D7 412 1 -1
F7 442 1 0
F6 472 1 0
B1 20 16 0
B2 20 16 0
Measure Number: 73
C7 16 1 0
G6 41 1 0
F6 66 1 0
C6 91 1 0
G5 116 1 0
F5 142 1 0
C5 167 1 0
G4 192 1 0
F4 217 1 0
C4 242 1 0
G3 267 1 0
F3 292 1 0
rest 4
C2 16 12 0
C3 16 12 0
C3 317 1 0
F2 342 1 0
E2 367 1 0
D2 393 1 0
Measure Number: 74
B3 92 12 -1
B4 92 12 -1
A4 418 3 0
G4 501 1 0
E4 88 4 0
D4 198 4 0
D4 308 4 0
B3 406 4 -1
C4 418 4 0
C2 88 1 0
D2 116 1 0
E2 143 1 0
C3 171 1 0
D2 198 1 0
E2 226 1 0
F2 253 1 0
C3 281 1 0
D2 308 1 0
E2 336 1 0
F2 363 1 0
C3 391 1 0
E2 418 1 0
F2 446 1 0
G2 473 1 0
C3 501 1 0
Measure Number: 75
F4 13 1 0
A3 40 1 0
E4 68 1 0
G4 96 1 0
F4 123 1 0
A4 151 1 0
E5 179 1 0
G5 206 1 0
F5 234 1 0
A5 262 1 0
G5 289 1 0
D5 317 1 0
F5 345 1 0
E5 372 1 -1
G4 400 1 0
A4 428 1 0
F2 13 2 0
rest 2
rest 4
E3 234 4 -1
C4 234 4 0
F2 345 4 0
Measure Number: 76
B4 13 1 -1
E5 43 1 -1
D5 74 1 0
E4 105 1 0
F4 136 1 0
C5 167 1 0
B4 197 1 -1
C4 230 1 1
D4 261 1 0
A4 292 1 0
G4 323 1 0
C4 354 1 0
B3 385 1 -1
E4 415 1 -1
D4 446 1 0
A3 477 1 0
D3 13 4 0
B3 13 4 -1
F2 136 12 0
D3 385 3 0
C3 477 1 0
F3 385 4 0
Measure Number: 77
G3 82 1 0
A3 107 1 0
G3 131 1 0
D4 156 1 0
C4 180 1 0
D4 205 1 0
C4 229 1 0
F4 254 1 0
E4 278 1 0
F4 302 1 0
E4 327 1 0
A4 351 1 0
G4 376 1 0
A4 400 1 0
G4 425 1 0
D5 449 1 0
F3 82 4 0
E3 180 3 0
D3 254 1 0
C3 278 4 0
C3 376 4 0
F2 82 16 0
B2 82 16 -1
Measure Number: 78
C5 24 1 0
E5 53 1 0
G5 82 1 0
F5 111 1 0
G5 140 1 1
B5 169 1 -1
A5 198 1 0
B5 230 1 0
D6 259 1 0
C6 288 1 0
E6 316 1 0
G6 348 1 0
F6 388 1 0
G6 418 1 1
B6 447 1 -1
A6 476 1 0
A3 24 4 0
F3 140 4 0
rest 4
F4 388 4 0
F2 24 8 0
C3 24 8 0
Measure Number: 79
B6 21 1 0
C7 51 1 0
F7 82 1 0
E7 112 1 0
E7 145 1 -1
C7 175 1 0
D7 205 1 0
B6 238 1 -1
A6 268 1 0
D7 299 1 0
C7 329 1 0
G6 359 1 0
F6 390 1 0
D6 420 1 0
E6 450 1 -1
C6 481 1 0
F4 21 4 0
F4 145 4 0
F4 268 4 0
F4 390 4 0
F3 33 8 0
E4 33 8 -1
G3 280 4 0
E4 280 4 -1
A3 402 4 0
E4 402 4 -1
Measure Number: 80
B5 82 1 -1
E6 114 1 -1
D6 146 1 0
F5 178 1 1
G5 211 1 0
C6 243 1 0
B5 275 1 -1
C5 308 1 1
D5 340 1 0
A5 372 1 0
G5 405 1 0
C5 437 1 0
B4 469 1 -1
E5 502 1 -1
D5 534 1 0
A4 566 1 0
F4 82 4 0
F4 211 4 0
F4 340 4 0
F4 469 4 0
B3 82 12 -1
D4 82 12 0
D4 469 3 0
C4 566 1 0
F3 340 8 0
Measure Number: 81
G4 17 1 0
A4 43 1 0
G4 68 1 0
D5 94 1 0
C5 119 1 0
D5 145 1 0
C5 170 1 0
F5 196 1 0
E5 221 1 0
F5 247 1 0
E5 272 1 0
D6 298 1 0
C6 323 1 0
D6 349 1 0
C6 375 1 0
D7 400 1 0
F4 17 4 0
E4 119 3 0
D4 196 1 0
C4 221 4 0
C4 323 4 0
F3 16 16 0
B3 16 16 -1
Measure Number: 82
C7 17 1 0
D7 45 1 0
C7 73 1 0
G6 101 1 0
F6 129 1 0
G6 157 1 0
F6 185 1 0
D6 213 1 0
C6 241 1 0
D6 269 1 0
C6 298 1 0
G5 326 1 0
F5 354 1 0
G5 382 1 0
F5 410 1 0
D5 438 1 0
D4 17 4 0
C4 129 4 0
rest 4
F4 354 4 0
F3 16 16 0
A3 16 16 0
Measure Number: 83
C5 82 1 0
D5 108 1 0
C5 134 1 0
G5 160 1 0
E5 185 1 0
F5 211 1 0
E5 237 1 0
D6 263 1 0
C6 288 1 0
D6 314 1 0
C6 340 1 0
F6 366 1 0
E6 391 1 0
F6 417 1 0
E6 443 1 0
D7 469 1 0
F4 82 4 0
E4 185 3 0
D4 263 1 0
C4 288 4 0
C4 391 4 0
F3 82 16 0
G3 102 16 0
B3 82 16 -1
Measure Number: 84
C7 17 1 0
D7 45 1 0
C7 73 1 0
G6 102 1 0
F6 130 1 0
G6 158 1 0
F6 186 1 0
D6 215 1 0
C6 243 1 0
D6 271 1 0
C6 299 1 0
G5 328 1 0
F5 356 1 0
G5 384 1 0
F5 412 1 0
D5 441 1 0
D4 17 4 0
C4 130 4 0
C4 243 4 0
A4 243 4 0
B3 356 2 -1
G4 356 2 0
A3 412 2 0
F4 412 2 0
F3 16 16 0
A3 16 16 0
Measure Number: 85
C5 17 1 0
D5 49 1 1
F5 81 1 0
E5 113 1 0
F5 144 1 1
A5 176 1 0
G5 208 1 0
B5 240 1 0
D6 272 1 0
C6 304 1 0
D6 336 1 1
F6 368 1 0
E6 399 1 0
F6 431 1 1
A6 463 1 0
G6 495 1 0
F4 17 4 0
E4 144 3 0
D4 240 1 0
C4 272 4 0
C4 399 4 0
F3 16 16 0
G3 36 16 0
B3 16 16 -1
Measure Number: 86
B6 92 1 -1
F6 123 1 1
G6 151 1 0
D7 179 1 0
C7 207 1 0
A6 235 1 0
G6 264 1 0
D7 292 1 0
B6 320 1 -1
F6 348 1 1
G6 376 1 0
D7 404 1 0
C7 432 1 0
A6 460 1 0
G6 489 1 0
D7 517 1 0
F3 92 4 0
C4 92 4 0
E4 92 4 0
B4 92 4 -1
rest 4
rest 8
Measure Number: 87
B6 24 1 -1
F6 55 1 1
G6 83 1 0
D7 111 1 0
C7 139 1 0
A6 167 1 0
G6 196 1 0
D7 224 1 0
B6 252 1 -1
F6 280 1 1
G6 308 1 0
D7 336 1 0
C7 364 1 0
A6 392 1 0
G6 421 1 0
D7 449 1 0
F4 24 4 0
C5 24 4 0
E5 24 4 0
B5 24 4 -1
rest 4
rest 8
Measure Number: 88
C7 16 1 0
A6 44 1 0
G6 73 1 0
D7 101 1 0
C7 130 1 0
A6 158 1 0
G6 187 1 0
D7 215 1 0
C7 243 1 0
A6 272 1 0
G6 300 1 0
D7 329 1 0
C7 357 1 0
G6 386 1 0
A6 414 1 0
G6 442 1 0
rest 16
Measure Number: 89
F6 90 2 0
rest 2
F6 175 1 0
B6 202 1 -1
A6 229 1 0
D6 256 1 0
C6 283 1 0
G6 309 1 0
F6 336 1 0
B5 363 1 -1
A5 390 1 0
D6 417 1 0
C6 443 1 0
G5 470 1 0
F4 90 2 0
C5 90 2 0
A5 90 2 0
rest 2
F5 175 1 0
B5 202 1 -1
A5 229 1 0
D5 256 1 0
C5 283 1 0
G5 309 1 0
F5 336 1 0
B4 363 1 -1
A4 390 1 0
D5 417 1 0
C5 443 1 0
G4 470 1 0
Measure Number: 90
F5 13 1 0
B5 41 1 -1
A5 69 1 0
D5 98 1 0
C5 126 1 0
G5 155 1 0
F5 183 1 0
B4 212 1 -1
A4 264 1 0
D5 292 1 0
C5 321 1 0
G4 349 1 0
F4 378 1 0
B4 406 1 -1
A4 434 1 0
D4 463 1 0
F4 13 1 0
B4 41 1 -1
A4 69 1 0
D4 98 1 0
C4 126 1 0
G4 155 1 0
F4 183 1 0
B3 212 1 -1
A3 264 1 0
D4 292 1 0
C4 321 1 0
G3 349 1 0
F3 378 1 0
B3 406 1 -1
A3 434 1 0
D3 463 1 0
Measure Number: 91
C4 16 1 0
G4 45 1 0
F4 74 1 0
B3 103 1 -1
A3 155 1 0
D4 184 1 0
C4 213 1 0
G3 242 1 0
F3 271 1 0
D4 300 1 0
C4 329 1 0
B3 358 1 -1
A3 387 1 0
D4 416 1 0
C4 445 1 0
G3 474 1 0
C3 16 1 0
G3 45 1 0
F3 74 1 0
B2 103 1 -1
A2 155 1 0
D3 184 1 0
C3 213 1 0
G2 242 1 0
F2 271 1 0
D3 300 1 0
C3 329 1 0
B2 358 1 -1
A2 387 1 0
D3 416 1 0
C3 445 1 0
G2 474 1 0
Measure Number: 92
F3 79 1 0
D4 108 1 0
C4 137 1 0
B3 166 1 -1
A3 196 1 0
D4 225 1 0
C4 254 1 0
G3 283 1 0
F3 312 1 0
D4 341 1 0
C4 370 1 0
B3 399 1 -1
A3 429 1 0
D4 458 1 0
C4 487 1 0
G3 516 1 0
F2 79 1 0
D3 108 1 0
C3 137 1 0
B2 166 1 -1
A2 196 1 0
D3 225 1 0
C3 254 1 0
G2 283 1 0
F2 312 1 0
D3 341 1 0
C3 370 1 0
B2 399 1 -1
A2 429 1 0
D3 458 1 0
C3 487 1 0
G2 516 1 0
Measure Number: 93
F3 13 1 0
A3 45 1 0
C4 78 1 0
E4 110 1 0
F4 153 1 0
A4 186 1 0
C5 218 1 0
E5 251 1 0
F5 294 1 0
A5 326 1 0
C6 359 1 0
E6 392 1 0
F6 424 1 0
A6 457 1 0
C7 490 1 0
E7 522 1 0
F2 13 1 0
A2 45 1 0
C3 78 1 0
E3 110 1 0
F3 153 1 0
A3 186 1 0
C4 218 1 0
E4 251 1 0
F4 294 1 0
A4 326 1 0
C5 359 1 0
E5 392 1 0
F5 424 1 0
A5 457 1 0
C6 490 1 0
E6 522 1 0
Measure Number: 94
F7 16 2 0
rest 2
A4 126 4 0
E5 126 4 0
A5 126 4 0
A4 189 4 0
D5 189 4 0
F5 189 4 0
A5 189 4 0
C5 253 4 0
G5 253 4 0
C6 253 4 0
F6 16 2 0
rest 2
C3 126 4 1
E3 126 4 0
A3 126 4 0
C4 126 4 1
D3 189 4 0
F3 189 4 0
A3 189 4 0
D4 189 4 0
C3 253 4 0
G3 253 4 0
B3 253 4 -1
E4 253 4 0
Measure Number: 95
C5 24 16 0
F5 24 16 0
A5 24 16 0
C6 24 16 0
F6 24 16 0
F2 24 16 0
C3 24 16 0
A3 24 16 0
F4 24 16 0
