Measure Number: 0
G5 134 1 1
F5 152 1 1
E5 170 1 0
D5 189 1 1
G4 134 4 1
G2 134 4 1
G3 134 4 1
Measure Number: 1
C5 16 1 1
C6 16 1 1
D5 36 1 1
C5 62 1 0
C5 93 1 1
D5 124 1 1
E5 144 1 0
C5 164 1 1
D5 183 1 1
E5 203 1 0
F5 223 1 1
D5 243 1 1
E5 263 1 0
F5 283 1 1
G5 303 1 1
E5 323 1 0
F5 343 1 1
C2 16 2 1
C3 16 2 1
rest 2
F4 124 2 1
A4 124 2 0
rest 2
E4 203 2 0
G4 203 2 1
rest 2
D4 283 2 1
F4 283 2 1
rest 2
Measure Number: 2
G5 16 1 1
A5 36 1 0
G5 57 1 1
C6 82 1 1
F5 112 1 1
G5 133 1 1
F5 153 1 1
C6 173 1 1
E5 194 1 0
F5 214 1 1
E5 234 1 0
C6 255 1 1
D5 275 1 1
E5 295 1 0
D5 315 1 1
C6 336 1 1
C4 16 2 1
E4 16 2 0
rest 2
A3 112 2 0
C4 112 2 1
F4 112 2 1
rest 2
G3 194 2 1
C4 194 2 1
E4 194 2 0
rest 2
F3 275 2 1
C4 263 2 1
D4 275 2 1
rest 2
Measure Number: 3
G5 49 2 1
F5 155 2 1
E5 260 2 0
D5 365 2 1
C5 24 1 1
G5 49 1 1
E6 78 1 0
A5 104 1 0
C5 130 1 0
F5 155 1 1
D6 184 1 1
G5 209 1 1
G4 235 1 1
E5 260 1 0
C6 289 1 1
F5 314 1 1
G4 339 1 1
D5 365 1 1
C6 406 1 0
E5 431 1 0
C3 24 2 1
G3 24 2 1
E4 24 2 0
rest 2
G2 130 2 1
F3 130 2 1
B3 130 2 1
rest 2
C3 235 2 1
E3 235 2 0
C4 235 2 1
rest 2
G2 339 2 1
G3 339 2 1
rest 2
Measure Number: 4
C5 114 2 1
C6 114 2 1
A4 164 1 0
A5 195 1 0
G4 226 1 1
G5 257 1 1
F4 288 1 2
F5 320 1 2
G4 351 1 1
G5 382 1 1
C4 413 1 1
C5 444 1 1
C4 475 4 1
D4 487 4 1
F4 475 4 2
A4 475 4 1
D5 475 4 1
C2 114 2 1
C3 114 2 1
A2 164 2 0
A3 164 2 0
G2 226 2 1
G3 226 2 1
F2 288 2 2
G3 288 2 0
G2 351 2 1
G3 351 2 1
C2 413 2 1
C3 413 2 1
D2 475 1 1
D3 475 1 1
C3 506 1 1
B2 538 1 0
A2 569 1 1
Measure Number: 5
B3 16 2 0
D4 16 2 1
G4 16 2 1
B4 16 2 0
rest 2
C4 130 2 1
D4 142 2 1
F4 130 2 2
rest 2
B3 238 2 0
D4 238 2 1
G4 238 2 1
rest 2
A3 347 2 1
E4 347 2 0
G4 347 2 1
rest 2
G2 16 1 1
A2 45 1 1
F2 76 1 2
G2 103 1 1
A2 130 1 1
B2 157 1 0
G2 184 1 1
A2 211 1 1
B2 238 1 0
C3 265 1 1
A2 293 1 1
B2 320 1 0
C3 347 1 1
D3 374 1 1
B2 401 1 0
C3 428 1 1
Measure Number: 6
B3 16 2 0
D4 16 2 1
G4 16 2 1
rest 2
C4 120 2 1
E4 120 2 0
G4 120 2 1
rest 2
D4 224 2 1
G4 224 2 1
rest 2
C4 331 2 1
D4 343 2 1
A4 331 2 1
rest 2
D3 16 1 1
E3 42 1 0
D3 68 1 1
G3 94 1 1
C3 120 1 1
D3 146 1 1
C3 172 1 1
G3 198 1 1
B2 224 1 0
C3 250 1 1
B2 276 1 0
G3 302 1 1
A2 331 1 1
B2 357 1 0
A2 383 1 1
G3 409 1 1
Measure Number: 7
B3 114 2 0
D4 114 2 1
G4 114 2 1
B4 114 2 0
rest 2
D5 227 4 1
A5 227 4 1
D6 227 4 1
D5 350 2 1
G5 350 2 1
B5 350 2 0
rest 2
D4 460 4 1
A4 460 4 1
D5 460 4 1
E3 142 2 0
E3 254 2 0
E3 378 2 0
E3 487 2 0
G2 114 1 1
E3 142 1 0
B3 169 1 0
D3 196 1 1
F2 227 1 2
E3 254 1 0
A3 295 1 1
D3 323 1 1
G2 350 1 1
E3 378 1 0
B3 405 1 0
D3 432 1 1
F2 460 1 2
E3 487 1 0
A3 514 1 1
D3 542 1 1
Measure Number: 8
D4 13 2 1
G4 13 2 1
B4 13 2 0
E4 63 1 0
F4 95 1 2
D4 126 1 1
G4 158 1 1
G4 190 1 0
A4 221 1 1
F4 260 1 1
B4 292 1 0
A4 324 1 0
B4 355 1 1
G4 387 1 1
C5 418 1 1
C5 450 1 0
D5 482 1 1
E4 63 2 0
D4 126 2 1
G4 190 2 0
F4 260 2 1
A4 324 2 0
G4 387 2 1
C5 450 2 0
G2 13 2 1
G3 13 2 1
C4 63 2 1
B3 126 2 0
E4 190 2 0
D4 260 2 1
F4 324 2 1
E4 387 2 0
G3 450 2 1
D4 450 2 1
F4 450 2 1
Measure Number: 9
C5 16 1 1
D5 39 1 1
B4 69 1 1
C5 92 1 1
D5 125 1 1
E5 149 1 0
C5 172 1 1
D5 195 1 1
E5 218 1 0
F5 242 1 1
D5 265 1 1
E5 288 1 0
F5 311 1 1
G5 335 1 1
E5 358 1 0
F5 381 1 1
C4 16 2 1
E4 16 2 0
rest 2
F4 125 2 1
A4 125 2 0
rest 2
E4 218 2 0
G4 218 2 1
rest 2
D4 311 2 1
F4 311 2 1
rest 2
Measure Number: 10
G5 113 1 1
A5 136 1 0
G5 159 1 1
C6 184 1 1
F5 217 1 1
G5 240 1 1
F5 262 1 1
C6 285 1 1
E5 308 1 0
F5 331 1 1
E5 353 1 0
C6 376 1 1
D5 399 1 1
E5 422 1 0
D5 444 1 1
C6 467 1 1
C4 113 2 1
E4 113 2 0
rest 2
A3 217 2 0
C4 217 2 1
F4 217 2 1
rest 2
G3 308 2 1
C4 308 2 1
E4 308 2 0
rest 2
F3 399 2 1
C4 387 2 1
D4 399 2 1
rest 2
Measure Number: 11
G5 55 2 1
F5 181 2 1
D5 306 2 1
C5 432 2 1
C5 24 1 1
G5 55 1 1
E6 87 1 0
A5 118 1 0
C5 150 1 0
F5 181 1 1
D6 212 1 1
G5 244 1 1
A4 275 1 0
D5 306 1 1
C6 338 1 1
E5 369 1 0
G4 400 1 1
C5 432 1 1
B5 473 1 0
C5 505 1 2
C3 24 2 1
G3 24 2 1
E4 24 2 0
rest 2
G2 150 2 1
F3 150 2 1
C4 150 2 0
rest 2
A2 275 2 0
E3 275 2 0
C4 275 2 1
rest 2
E3 400 4 1
B3 388 4 0
C4 400 4 2
E4 400 4 1
Measure Number: 12
A4 16 1 0
C5 43 1 1
A5 71 1 0
F5 98 1 1
A5 125 1 0
C6 153 1 1
A6 180 1 0
F6 208 1 1
C6 235 1 1
A5 262 1 0
F5 290 1 1
C5 317 1 1
A4 344 1 0
F4 372 1 1
C4 406 1 2
A3 433 1 0
E3 16 2 1
A3 16 2 0
C4 16 2 1
F4 16 2 1
C3 71 2 2
C4 71 2 2
C3 125 2 1
C4 125 2 1
A2 180 2 0
A3 180 2 0
F2 235 2 1
F3 235 2 1
C2 290 2 1
C3 290 2 1
C2 344 4 2
C3 344 4 2
Measure Number: 13
G4 140 4 1
F4 255 4 1
E4 357 4 1
F4 460 4 1
B3 128 12 0
C4 140 12 2
A3 460 4 0
C4 460 4 2
E2 140 1 1
F2 165 1 1
E2 195 1 0
E2 229 1 1
F2 255 1 1
G2 281 1 1
E2 306 1 1
F2 332 1 1
G2 357 1 1
A2 383 1 0
F2 408 1 1
G2 434 1 1
A2 460 1 0
B2 485 1 0
A2 511 1 0
B2 536 1 0
Measure Number: 14
G4 37 4 1
F4 156 4 1
E4 268 4 1
F4 378 4 1
B3 25 12 0
C4 37 12 2
C4 378 4 1
F2 37 1 0
F2 67 1 1
E2 94 1 0
E2 128 1 1
F2 156 1 1
G2 183 1 1
F2 211 1 0
F2 240 1 1
G2 268 1 1
A2 295 1 0
F2 323 1 1
G2 350 1 1
A2 378 1 0
B2 405 1 0
A2 433 1 0
B2 460 1 0
Measure Number: 15
D5 20 4 1
C5 131 4 1
C5 233 4 0
C5 336 4 1
F4 20 12 1
A4 20 12 0
E4 336 4 0
G4 336 4 1
C3 20 1 0
C3 50 1 1
B2 76 1 0
B2 106 1 1
C3 131 1 1
D3 157 1 1
B2 182 1 1
C3 208 1 1
D3 233 1 1
E3 259 1 0
C3 284 1 1
D3 310 1 1
E3 336 1 0
F3 361 1 1
D3 387 1 1
E3 412 1 0
Measure Number: 16
A4 111 4 0
C5 111 4 1
G4 210 4 1
C5 210 4 0
E4 310 2 0
G4 310 2 1
C5 310 2 1
rest 2
C5 412 4 1
C6 412 4 1
D4 111 8 1
F3 111 1 1
G3 136 1 1
E3 160 1 0
F3 185 1 1
G3 210 1 1
A3 235 1 0
G3 260 1 1
F3 285 1 1
E3 310 1 0
D3 335 1 1
C3 360 1 1
B2 388 1 -1
A2 412 1 0
G2 437 1 1
F2 462 1 1
E2 487 1 0
Measure Number: 17
G4 18 1 0
G4 48 1 1
F4 78 1 0
G4 108 1 0
G4 138 1 1
A4 168 1 1
F4 199 1 2
G4 229 1 1
A4 260 1 1
B4 290 1 0
G4 320 1 1
A4 350 1 1
B4 380 1 0
C5 410 1 1
A4 441 1 1
B4 471 1 0
D2 18 2 1
rest 2
B3 138 2 0
D4 138 2 1
rest 2
A3 260 2 1
C4 260 2 1
rest 2
G3 380 2 1
B3 380 2 0
rest 2
Measure Number: 18
C5 34 1 1
D5 60 1 1
C5 87 1 1
A5 120 1 1
B4 147 1 0
C5 174 1 1
B4 201 1 0
G5 227 1 1
A4 257 1 1
B4 284 1 0
A4 310 1 1
F5 341 1 2
G4 368 1 1
A4 395 1 1
G4 422 1 1
G5 448 1 1
D3 34 2 1
F3 34 2 2
A3 34 2 1
rest 2
D3 147 2 1
G3 147 2 1
B3 147 2 0
rest 2
D3 257 2 1
A3 257 2 1
C4 257 2 1
rest 2
E3 368 4 0
E4 368 4 0
Measure Number: 19
E4 124 2 0
A4 124 2 1
C5 124 2 1
rest 2
D4 230 2 1
G4 230 2 1
B4 230 2 0
rest 2
C4 333 2 1
F4 333 2 2
A4 333 2 1
rest 2
B3 430 2 0
D4 430 2 1
G4 430 2 1
rest 2
F2 124 1 2
G2 148 1 1
E2 181 1 1
F2 206 1 2
G2 230 1 1
A2 260 1 1
F2 284 1 2
G2 308 1 1
A2 333 1 1
B2 357 1 0
G2 381 1 1
A2 406 1 1
B2 430 1 0
C3 455 1 1
A2 479 1 1
B2 503 1 0
Measure Number: 20
A3 24 2 1
E4 24 2 0
F4 36 2 2
rest 2
B3 138 2 0
D4 138 2 1
G4 138 2 1
rest 2
C4 252 2 1
D4 263 2 1
A4 252 2 1
rest 2
D5 367 4 1
D6 367 4 1
C3 24 1 1
D3 52 1 1
C3 80 1 1
A3 110 1 1
B2 138 1 0
C3 166 1 1
B2 194 1 0
G3 222 1 1
A2 252 1 1
B2 280 1 0
A2 308 1 1
F3 338 1 2
A2 367 1 0
B2 395 1 -1
A2 423 1 0
F3 452 1 1
Measure Number: 21
A4 102 1 0
B4 125 1 -1
G4 154 1 1
A4 177 1 0
B4 199 1 -1
C5 222 1 0
A4 244 1 0
B4 267 1 -1
C5 289 1 0
D5 312 1 -1
B4 335 1 -1
C5 357 1 0
D5 380 1 -1
E5 402 1 -1
C5 425 1 0
D5 448 1 -1
F2 102 2 0
F3 102 2 0
rest 2
D4 199 2 -1
F4 199 2 0
rest 2
C4 289 2 0
E4 289 2 -1
rest 2
B3 380 2 -1
D4 380 2 -1
rest 2
Measure Number: 22
E5 122 1 -1
F5 148 1 0
E5 175 1 -1
C6 201 1 0
D5 228 1 -1
E5 254 1 -1
D5 281 1 -1
B5 307 1 -1
C5 333 1 0
D5 360 1 -1
C5 386 1 0
A5 416 1 0
B4 443 1 -1
C5 469 1 0
B4 496 1 -1
B5 522 1 -1
F3 122 2 0
A3 122 2 0
C4 122 2 0
rest 2
F3 228 2 0
B3 228 2 -1
D4 228 2 -1
rest 2
F3 333 2 0
C4 333 2 0
E4 333 2 -1
rest 2
G3 443 4 -1
G4 443 4 -1
Measure Number: 23
G4 19 2 -1
C5 19 2 0
E5 19 2 -1
rest 2
F4 131 2 0
B4 131 2 -1
D5 131 2 -1
rest 2
E4 241 2 -1
A4 241 2 0
C5 241 2 0
rest 2
D4 351 2 -1
F4 351 2 0
B4 351 2 -1
rest 2
A2 19 1 0
B2 46 1 -1
G2 76 1 1
A2 104 1 -1
B2 131 1 -1
C3 159 1 0
A2 186 1 -1
B2 214 1 -1
C3 241 1 0
D3 269 1 -1
B2 296 1 -1
C3 324 1 0
D3 351 1 -1
E3 379 1 -1
C3 406 1 0
D3 434 1 -1
Measure Number: 24
C4 24 2 -1
F4 24 2 0
A4 24 2 -1
rest 2
B3 139 2 -1
E4 139 2 -1
G4 139 2 -1
rest 2
B3 253 2 -1
D4 253 2 -1
F4 253 2 0
rest 2
B3 367 2 -1
C4 378 2 0
E4 367 2 0
rest 2
D3 24 1 0
E3 52 1 -1
C3 82 1 1
D3 110 1 0
E3 139 1 -1
F3 167 1 0
D3 196 1 0
E3 224 1 -1
F3 253 1 0
G3 281 1 -1
E3 310 1 0
F3 338 1 0
G3 367 1 -1
A3 395 1 -1
F3 424 1 0
G3 452 1 -1
Measure Number: 25
F4 118 1 0
G4 146 1 -1
E4 173 1 0
F4 192 1 0
G4 212 1 -1
A4 231 1 -1
F4 251 1 0
G4 270 1 -1
G4 297 1 0
A4 317 1 -1
F4 346 1 1
G4 366 1 0
A4 385 1 -1
A5 385 1 -1
B4 405 1 -1
G4 424 1 0
A4 444 1 -1
C4 118 2 0
rest 2
D4 212 2 -1
rest 2
D4 297 2 -1
rest 2
rest 4
F3 118 2 0
A3 118 2 0
rest 2
F3 212 2 -1
B3 212 2 -1
rest 2
E3 297 2 -1
B3 297 2 -1
rest 2
A2 385 4 -1
A3 385 4 -1
Measure Number: 26
A4 16 1 -1
B4 44 1 -1
G4 72 1 0
A4 100 1 -1
A4 128 1 0
B4 156 1 -1
G4 186 1 1
A4 214 1 0
A4 243 1 1
B4 271 1 0
G4 302 1 2
A4 330 1 1
B4 360 1 0
B5 360 1 0
C5 388 1 0
A4 417 1 1
B4 445 1 0
E4 16 2 -1
rest 2
E4 128 2 -1
rest 2
E4 243 2 -1
rest 2
rest 4
A3 16 2 -1
C4 16 2 0
rest 2
G3 128 2 0
C4 128 2 1
rest 2
F3 243 2 1
C4 243 2 1
rest 2
B2 360 4 0
B3 360 4 0
Measure Number: 27
B4 94 1 0
C5 121 1 0
A4 150 1 1
B4 176 1 0
C5 202 1 0
D5 230 1 -1
B4 256 1 0
C5 281 1 0
C5 323 1 1
D5 349 1 0
B4 379 1 1
C5 404 1 1
D5 431 1 0
E5 459 1 -1
C5 484 1 1
D5 510 1 0
F4 94 4 1
G4 202 4 0
G4 323 4 1
A4 431 4 0
B3 94 4 0
D4 94 4 1
B3 202 4 0
E4 202 4 0
B3 323 4 0
E4 323 4 1
B3 431 4 0
F4 431 4 1
Measure Number: 28
D5 134 1 1
E5 159 1 0
C5 190 1 2
D5 215 1 1
E5 240 1 0
F5 266 1 0
D5 292 1 1
E5 317 1 0
F5 343 1 0
G5 371 1 -1
E5 396 1 0
F5 421 1 0
F5 463 1 1
G5 489 1 0
F5 514 1 1
E5 539 1 0
A4 134 4 1
B4 240 4 0
C5 343 4 0
C5 463 4 1
B3 134 4 0
F4 134 4 2
B3 240 4 0
G4 240 4 1
B3 343 4 0
A4 343 4 0
B3 463 4 0
A4 463 4 1
Measure Number: 29
D5 16 1 1
E5 41 1 0
C5 72 1 2
D5 98 1 1
E5 123 1 0
F5 148 1 1
D5 174 1 1
E5 199 1 0
A5 231 1 0
B5 256 1 0
G5 281 1 1
A5 307 1 0
D5 333 1 0
E5 363 1 0
C5 392 1 1
D5 418 1 0
rest 4
B4 123 4 0
E5 231 4 0
A4 333 4 0
B3 16 4 0
B4 16 4 0
G4 123 1 0
F4 148 1 1
G4 174 1 0
B3 199 1 0
C4 231 4 0
F4 333 1 1
E4 363 1 1
F4 392 1 1
A3 418 1 0
Measure Number: 30
G5 27 1 0
A5 51 1 0
F5 76 1 1
G5 101 1 0
C5 147 1 0
D5 182 1 0
B4 207 1 0
C5 233 1 0
F5 258 1 1
G5 283 1 0
E5 312 1 1
F5 337 1 1
B4 362 1 0
C5 397 1 0
A4 427 1 1
B4 451 1 0
D5 27 4 0
G4 147 4 0
C5 258 4 0
F4 362 4 1
B3 27 4 0
E4 147 1 0
D4 182 1 1
E4 207 1 0
G3 233 1 0
A3 258 4 0
D4 362 1 1
C4 397 1 2
D4 427 1 1
F3 451 1 1
Measure Number: 31
E5 120 4 0
D5 229 4 0
C5 338 4 0
B4 448 4 0
B4 120 1 0
C5 147 1 0
A4 175 1 0
B4 202 1 0
A4 229 1 0
B4 256 1 0
G4 284 1 0
A4 311 1 0
G4 338 1 0
A4 366 1 0
F4 393 1 1
G4 420 1 0
F4 448 1 1
G4 475 1 0
E4 502 1 0
F4 529 1 1
G3 120 1 0
A3 147 1 0
F3 175 1 1
G3 202 1 0
F3 229 1 1
G3 256 1 0
E3 284 1 0
F3 311 1 1
E3 338 1 0
F3 366 1 1
D3 393 1 0
E3 420 1 0
D3 448 1 0
E3 475 1 0
C3 502 1 0
D3 529 1 0
Measure Number: 32
A4 18 4 0
G4 142 4 0
F4 266 4 1
E4 390 4 0
E4 18 1 0
F4 49 1 1
D4 80 1 0
E4 111 1 0
D4 142 1 0
E4 173 1 0
C4 204 1 0
D4 235 1 0
C4 266 1 0
D4 297 1 0
B3 328 1 0
C4 359 1 0
B3 390 1 0
C4 421 1 0
A3 452 1 0
B3 483 1 0
C3 18 1 0
D3 49 1 0
B2 80 1 0
C3 111 1 0
B2 142 1 0
C3 173 1 0
A2 204 1 0
B2 235 1 0
A2 266 1 0
B2 297 1 0
G2 328 1 0
A2 359 1 0
G2 390 1 0
A2 421 1 0
F2 452 1 1
G2 483 1 0
Measure Number: 33
G3 33 2 1
B3 33 2 0
D4 33 2 0
G4 33 2 1
rest 2
B3 113 8 0
G4 113 8 1
B4 113 8 0
G4 319 4 1
B4 319 4 0
G5 319 4 1
E2 33 2 1
rest 2
C3 113 1 1
D3 139 1 0
B2 169 1 1
C3 194 1 1
C3 219 1 1
D3 244 1 0
B2 269 1 1
C3 294 1 1
C3 319 1 1
D3 343 1 0
B2 368 1 1
C3 393 1 1
Measure Number: 34
G4 111 4 1
B4 111 4 0
G5 111 4 1
B4 208 4 0
G5 208 4 1
B5 208 4 0
G5 292 6 1
B5 292 6 0
G6 292 6 1
F5 417 2 1
B5 417 2 0
F6 417 2 1
C3 111 1 1
D3 137 1 0
B2 167 1 1
C3 188 1 1
C3 208 1 1
D3 229 1 0
B2 250 1 1
C3 271 1 1
C3 292 1 1
D3 313 1 0
B2 334 1 1
C3 355 1 1
C3 376 1 1
D3 396 1 0
B2 417 1 1
C3 438 1 1
Measure Number: 35
E5 24 2 1
B5 24 2 0
E6 24 2 1
rest 2
B5 129 1 0
C6 158 1 1
B5 188 1 0
G6 218 1 1
G5 247 1 1
A5 280 1 1
G5 310 1 1
E6 343 1 1
E5 373 1 1
F5 402 1 1
E5 432 1 1
D6 462 1 0
D3 24 2 0
rest 2
G5 129 1 1
D5 158 1 0
B4 188 1 0
E4 218 1 1
E5 247 1 1
B4 280 1 0
G4 310 1 1
D4 343 1 0
D5 373 1 0
G4 402 1 1
E4 432 1 1
B3 462 1 0
Measure Number: 36
D5 18 1 0
E5 48 1 0
D5 79 1 0
B5 110 1 0
B4 162 1 0
C5 194 1 1
B4 224 1 0
G5 255 1 1
G4 288 1 1
A4 319 1 1
G4 350 1 1
E5 381 1 1
E4 412 1 1
F4 442 1 1
E4 473 1 1
D5 504 1 0
B4 18 1 0
E4 48 1 1
D4 79 1 0
G3 110 1 1
G4 162 1 1
D4 194 1 0
B3 224 1 0
E3 255 1 1
E4 288 1 1
B3 319 1 0
G3 350 1 1
D3 381 1 0
D4 412 1 0
G3 442 1 1
E3 473 1 1
B2 504 1 0
Measure Number: 37
E4 132 2 0
A4 132 2 1
C5 132 2 1
rest 2
C4 206 8 1
A4 206 8 1
C5 206 8 1
A4 400 4 1
C5 400 4 1
A5 400 4 1
F2 132 2 2
rest 2
D3 206 1 1
E3 230 1 0
C3 260 1 2
D3 284 1 1
D3 307 1 1
E3 330 1 0
C3 354 1 2
D3 377 1 1
D3 400 1 1
E3 424 1 0
C3 447 1 2
D3 470 1 1
Measure Number: 38
A4 16 4 1
C5 16 4 1
A5 16 4 1
C5 118 4 1
A5 118 4 1
C6 118 4 1
A5 212 6 1
C6 212 6 1
A6 212 6 1
G5 354 2 1
C6 354 2 1
G6 354 2 1
D3 16 1 1
E3 40 1 0
C3 70 1 2
D3 94 1 1
D3 118 1 1
E3 141 1 0
C3 165 1 2
D3 189 1 1
D3 212 1 1
E3 236 1 0
C3 259 1 2
D3 283 1 1
D3 307 1 1
E3 330 1 0
C3 354 1 2
D3 378 1 1
Measure Number: 39
F5 25 2 2
C6 25 2 1
F6 25 2 2
rest 2
C6 162 1 1
D6 198 1 1
C6 233 1 1
A6 269 1 1
A5 305 1 1
B5 340 1 1
A5 376 1 1
F6 411 1 2
F5 447 1 2
G5 482 1 1
F5 518 1 2
E6 553 1 0
E3 25 2 0
rest 2
F5 162 1 2
C5 198 1 1
A4 233 1 1
E4 269 1 0
E5 305 1 0
A4 340 1 1
F4 376 1 2
C4 411 1 1
C5 447 1 1
F4 482 1 2
E4 518 1 0
A3 553 1 1
Measure Number: 40
E5 122 1 0
F5 168 1 1
E5 214 1 0
C6 259 1 1
C5 315 1 1
D5 361 1 1
C5 407 1 1
A5 452 1 1
A4 498 1 1
B4 544 1 1
A4 590 1 1
F5 636 1 2
F4 681 1 2
G4 727 1 1
F4 773 1 2
E5 819 1 0
A4 122 1 1
E4 168 1 0
C4 214 1 1
F3 259 1 2
F4 315 1 2
C4 361 1 1
A3 407 1 1
E3 452 1 0
E4 498 1 0
A3 544 1 1
F3 590 1 2
C3 636 1 1
C4 681 1 1
F3 727 1 2
E3 773 1 0
A2 819 1 1
Measure Number: 41
D4 13 1 1
D5 51 1 1
E5 90 1 0
D5 128 1 1
C5 167 1 1
B4 205 1 0
A4 244 1 1
G4 283 1 1
F4 321 1 2
G4 360 1 1
F4 398 1 2
E5 437 1 0
E4 476 1 0
F4 514 1 1
E4 553 1 0
C5 592 1 1
B2 13 1 0
D3 51 1 1
F3 90 1 2
G3 128 1 1
A3 167 1 1
B3 205 1 0
C4 244 1 1
D4 283 1 1
E4 321 1 0
A3 360 1 1
F3 398 1 2
C3 437 1 1
C4 476 1 1
F3 514 1 2
E3 553 1 0
A2 592 1 1
Measure Number: 42
D4 111 1 1
D5 152 1 1
E5 194 1 0
D5 236 1 1
C5 277 1 1
B4 319 1 0
A4 360 1 1
G4 402 1 1
G4 444 1 2
A4 486 1 1
G4 528 1 2
F5 569 1 1
F4 611 1 1
G4 653 1 1
F4 694 1 1
D5 736 1 1
B2 111 1 0
D3 152 1 1
F3 194 1 2
G3 236 1 1
A3 277 1 1
B3 319 1 0
C4 360 1 1
D4 402 1 1
F4 444 1 1
B3 486 1 1
G3 528 1 2
D3 569 1 1
D4 611 1 1
G3 653 1 2
F3 694 1 1
B2 736 1 1
Measure Number: 43
E4 20 1 1
E5 64 1 1
G5 108 1 1
E5 151 1 1
D5 195 1 1
C5 238 1 1
B4 282 1 1
A4 325 1 1
B4 369 1 0
C5 412 1 1
B4 456 1 0
G5 500 1 1
G4 543 1 1
A4 587 1 1
G4 630 1 1
E5 674 1 1
C3 20 1 1
E3 64 1 1
G3 108 1 2
A3 151 1 1
B3 195 1 1
C4 238 1 1
D4 282 1 1
E4 325 1 1
G4 369 1 1
D4 412 1 0
B3 456 1 0
E3 500 1 1
E4 543 1 1
B3 587 1 0
G3 630 1 2
D3 674 1 0
Measure Number: 44
B4 123 1 1
C5 167 1 1
B4 211 1 1
A5 256 1 0
G4 300 1 2
A4 344 1 1
G4 388 1 2
F5 432 1 1
C5 477 1 1
D5 521 1 1
C5 565 1 1
A5 609 1 1
A4 653 1 1
B4 698 1 1
A4 742 1 1
F5 786 1 2
A4 123 1 0
D4 167 1 1
B3 211 1 1
F3 256 1 1
F4 300 1 1
B3 344 1 1
G3 388 1 2
D3 432 1 1
A4 477 1 1
E4 521 1 0
C4 565 1 1
F3 609 1 2
F4 653 1 2
C4 698 1 1
A3 742 1 1
E3 786 1 0
Measure Number: 45
B4 39 1 1
D5 78 1 1
F5 116 1 1
A5 155 1 0
B5 194 1 1
D6 233 1 1
F6 272 1 1
A6 310 1 0
B6 349 1 1
D6 388 1 1
E6 427 1 0
G6 466 1 1
F6 504 1 1
B5 543 1 1
C6 582 1 1
E6 621 1 0
A4 39 4 0
G4 194 2 1
rest 2
rest 4
rest 1
B4 543 1 1
C5 582 1 1
E5 621 1 0
G3 39 4 1
D4 39 4 1
F4 39 4 1
G3 206 2 1
D4 206 2 1
F4 206 2 1
rest 2
rest 4
rest 4
Measure Number: 46
D6 113 1 1
F5 156 1 1
G5 198 1 1
B5 241 1 0
A5 283 1 0
B4 326 1 1
C5 369 1 1
E5 411 1 0
D5 464 1 1
F4 506 1 1
G4 549 1 1
B4 592 1 0
A4 634 1 0
F4 677 1 1
D4 719 1 0
C4 762 1 1
D5 113 1 1
F4 156 1 1
G4 198 1 1
B4 241 1 0
A4 283 1 0
B3 326 1 1
C4 369 1 1
E4 411 1 0
D4 464 1 1
F3 506 1 1
G3 549 1 1
B3 592 1 0
A3 634 1 0
F3 677 1 1
D3 719 1 0
C3 762 1 1
Measure Number: 47
G3 24 2 1
D4 24 2 1
F4 24 2 1
G4 36 2 1
D4 92 1 1
E4 135 1 0
E4 178 1 1
F4 220 1 1
E4 263 1 1
F4 306 1 1
F4 349 1 2
G4 391 1 1
F4 434 1 1
G4 477 1 0
G4 520 1 1
A4 562 1 0
D4 605 1 1
E4 648 1 0
B1 24 2 1
B2 24 2 1
rest 2
rest 4
rest 8
Measure Number: 48
E4 137 1 1
F4 178 1 1
E4 219 1 0
F4 261 1 0
F4 302 1 1
G4 343 1 0
E4 384 1 1
F4 426 1 1
F4 467 1 2
G4 508 1 1
F4 550 1 1
G4 591 1 0
G4 632 1 1
A4 673 1 0
D4 715 1 1
E4 756 1 0
G2 137 4 1
D3 137 4 1
F3 137 4 1
B3 137 4 1
rest 4
rest 8
Measure Number: 49
E4 32 1 1
F4 74 1 1
E4 115 1 0
F4 157 1 0
F4 198 1 1
G4 240 1 0
E4 282 1 1
F4 323 1 1
F4 365 1 2
G4 406 1 1
F4 448 1 1
G4 490 1 0
G4 531 1 1
A4 573 1 0
F4 614 1 2
G4 656 1 1
G2 32 4 1
D3 32 4 1
F3 32 4 1
B3 32 4 1
rest 4
rest 8
Measure Number: 50
A4 111 1 0
A4 144 1 1
G4 178 1 1
A4 212 1 0
A4 246 1 1
B4 279 1 0
A4 313 1 0
A4 347 1 1
B4 381 1 0
C5 414 1 0
A4 448 1 1
B4 482 1 0
B4 516 1 1
C5 549 1 1
B4 583 1 0
B4 617 1 1
rest 8
rest 4
G2 516 1 1
F2 549 1 1
E2 583 1 0
D2 617 1 1
Measure Number: 51
C5 16 1 1
D5 40 1 1
C5 67 1 0
C5 97 1 1
D5 132 1 1
E5 156 1 0
C5 180 1 1
D5 204 1 1
E5 228 1 0
F5 252 1 1
D5 276 1 1
E5 300 1 0
F5 324 1 1
G5 348 1 1
E5 372 1 0
F5 396 1 1
C2 16 2 1
rest 2
F4 132 2 1
A4 132 2 0
rest 2
E4 228 2 0
G4 228 2 1
rest 2
D4 324 2 1
F4 324 2 1
rest 2
Measure Number: 52
G5 16 1 1
A5 40 1 0
G5 64 1 1
C6 90 1 1
F5 124 1 1
G5 148 1 1
F5 172 1 1
C6 196 1 1
E5 221 1 0
F5 245 1 1
E5 269 1 0
C6 293 1 1
D5 317 1 1
E5 341 1 0
D5 365 1 1
C6 390 1 1
C4 16 2 1
E4 16 2 0
rest 2
A3 124 2 0
C4 124 2 1
F4 124 2 1
rest 2
G3 221 2 1
C4 221 2 1
E4 221 2 0
rest 2
F3 317 2 1
C4 305 2 1
D4 317 2 1
rest 2
Measure Number: 53
G5 140 2 1
F5 258 2 1
E5 375 2 0
D5 493 2 1
C5 111 1 1
G5 140 1 1
E6 169 1 0
A5 199 1 0
C5 228 1 0
F5 258 1 1
D6 287 1 1
G5 317 1 1
G4 346 1 1
E5 375 1 0
C6 405 1 1
F5 434 1 1
G4 464 1 1
D5 493 1 1
C6 535 1 0
E5 564 1 0
C3 111 2 1
G3 111 2 1
E4 111 2 0
rest 2
G2 228 2 1
F3 228 2 1
B3 228 2 1
rest 2
C3 346 2 1
E3 346 2 0
C4 346 2 1
rest 2
G2 464 2 1
G3 464 2 1
rest 2
Measure Number: 54
C5 16 2 1
C6 16 2 1
A4 62 1 0
A5 91 1 0
G4 120 1 1
G5 149 1 1
F4 180 1 2
F5 211 1 2
G4 240 1 1
G5 269 1 1
C4 298 1 1
C5 327 1 1
C4 356 4 1
D4 368 4 1
F4 356 4 2
A4 356 4 1
D5 356 4 1
C2 16 2 1
C3 16 2 1
A2 62 2 0
A3 62 2 0
G2 120 2 1
G3 120 2 1
F2 180 2 2
G3 180 2 0
G2 240 2 1
G3 240 2 1
C2 298 2 1
C3 298 2 1
D2 356 1 1
D3 356 1 1
C3 385 1 1
B2 414 1 0
A2 443 1 1
Measure Number: 55
B3 16 2 0
D4 16 2 1
G4 16 2 1
B4 16 2 0
rest 2
C4 126 2 1
D4 138 2 1
F4 126 2 2
rest 2
B3 225 2 0
D4 225 2 1
G4 225 2 1
rest 2
A3 324 2 1
E4 324 2 0
G4 324 2 1
rest 2
G2 16 1 1
A2 45 1 1
F2 76 1 2
G2 101 1 1
A2 126 1 1
B2 151 1 0
G2 175 1 1
A2 200 1 1
B2 225 1 0
C3 250 1 1
A2 275 1 1
B2 299 1 0
C3 324 1 1
D3 349 1 1
B2 374 1 0
C3 399 1 1
Measure Number: 56
B3 114 2 0
D4 114 2 1
G4 114 2 1
rest 2
C4 214 2 1
E4 214 2 0
G4 214 2 1
rest 2
D4 314 2 1
G4 314 2 1
rest 2
C4 418 2 1
D4 430 2 1
A4 418 2 1
rest 2
D3 114 1 1
E3 139 1 0
D3 164 1 1
G3 189 1 1
C3 214 1 1
D3 239 1 1
C3 264 1 1
G3 289 1 1
B2 314 1 0
C3 339 1 1
B2 364 1 0
G3 389 1 1
A2 418 1 1
B2 443 1 0
A2 468 1 1
F3 499 1 2
Measure Number: 57
B3 16 2 0
D4 16 2 1
G4 16 2 1
B4 16 2 0
rest 2
D5 132 4 1
A5 132 4 1
D6 132 4 1
D5 258 2 1
G5 258 2 1
B5 258 2 0
rest 2
D4 371 4 1
A4 371 4 1
D5 371 4 1
E3 44 2 0
E3 160 2 0
E3 286 2 0
E3 399 2 0
G2 16 1 1
E3 44 1 0
B3 73 1 0
D3 101 1 1
F2 132 1 2
E3 160 1 0
A3 201 1 1
D3 229 1 1
G2 258 1 1
E3 286 1 0
B3 314 1 0
D3 343 1 1
F2 371 1 2
E3 399 1 0
A3 428 1 1
D3 456 1 1
Measure Number: 58
D4 13 2 1
G4 13 2 1
B4 13 2 0
E4 59 1 0
F4 90 1 2
D4 119 1 1
G4 149 1 1
F4 178 1 2
A4 208 1 1
F4 246 1 1
B4 276 1 0
A4 305 1 0
B4 334 1 1
G4 364 1 1
C5 393 1 1
B4 422 1 1
D5 452 1 1
G2 13 2 1
G3 13 2 1
C4 59 2 1
B3 119 2 0
E4 178 2 0
D4 246 2 1
F4 305 2 1
E4 364 2 0
G3 422 2 1
D4 422 2 1
F4 422 2 1
Measure Number: 59
C5 111 1 1
D5 136 1 1
B4 165 1 1
C5 190 1 1
D5 225 1 1
E5 250 1 0
C5 275 1 1
D5 300 1 1
E5 325 1 0
F5 350 1 1
D5 375 1 1
E5 400 1 0
F5 425 1 1
G5 450 1 1
E5 475 1 0
F5 500 1 1
C4 111 2 1
E4 111 2 0
rest 2
F4 225 2 1
A4 225 2 0
rest 2
E4 325 2 0
G4 325 2 1
rest 2
D4 425 2 1
F4 425 2 1
rest 2
Measure Number: 60
G5 16 1 1
A5 41 1 0
G5 65 1 1
C6 91 1 1
F5 125 1 1
G5 150 1 1
F5 175 1 1
C6 199 1 1
E5 224 1 0
F5 249 1 1
E5 273 1 0
C6 298 1 1
D5 323 1 1
E5 348 1 0
D5 372 1 1
C6 397 1 1
C4 16 2 1
E4 16 2 0
rest 2
A3 125 2 0
C4 125 2 1
F4 125 2 1
rest 2
G3 224 2 1
C4 224 2 1
E4 224 2 0
rest 2
F3 323 2 1
C4 311 2 1
D4 323 2 1
rest 2
Measure Number: 61
G5 48 2 1
F5 177 2 1
D5 306 2 1
C5 434 2 1
C5 16 1 1
G5 48 1 1
E6 80 1 0
A5 113 1 0
B4 145 1 1
F5 177 1 1
D6 209 1 1
G5 241 1 1
A4 273 1 0
D5 306 1 1
C6 338 1 1
E5 370 1 0
G4 402 1 1
C5 434 1 1
B5 476 1 0
D5 508 1 0
C3 16 2 1
F3 16 2 1
E4 16 2 0
rest 2
G2 145 2 1
F3 145 2 1
B3 145 2 1
rest 2
A2 273 2 0
E3 273 2 0
C4 273 2 1
rest 2
E3 402 4 1
B3 402 4 0
D4 390 4 0
E4 402 4 1
Measure Number: 62
A4 111 1 0
C5 139 1 1
A5 168 1 0
F5 196 1 1
A5 224 1 0
C6 253 1 1
A6 281 1 0
F6 310 1 1
C6 338 1 1
A5 367 1 0
F5 395 1 1
C5 424 1 1
A4 452 1 0
F4 481 1 1
D4 509 1 0
A3 537 1 0
E3 111 2 1
A3 111 2 0
C4 111 2 1
F4 111 2 1
D3 168 2 0
D4 168 2 0
C3 224 2 1
C4 224 2 1
A2 281 2 0
A3 281 2 0
F2 338 2 1
F3 338 2 1
C2 395 2 1
C3 395 2 1
D2 452 4 0
D3 452 4 0
Measure Number: 63
G4 24 4 1
F4 139 4 1
E4 247 4 1
F4 354 4 1
B3 24 12 0
D4 24 12 0
A3 354 4 0
D4 354 4 0
E2 24 1 1
F2 51 1 1
D2 85 1 2
E2 112 1 1
F2 139 1 1
G2 166 1 1
E2 193 1 1
F2 220 1 1
G2 247 1 1
A2 274 1 0
F2 301 1 1
G2 328 1 1
A2 354 1 0
B2 381 1 0
A2 408 1 0
B2 435 1 0
Measure Number: 64
G4 24 4 1
F4 139 4 1
E4 247 4 1
F4 354 4 1
B3 24 12 0
D4 24 12 0
C4 354 4 1
E2 24 1 1
F2 51 1 1
D2 85 1 2
E2 112 1 1
F2 139 1 1
G2 166 1 1
E2 193 1 1
F2 220 1 1
G2 247 1 1
A2 274 1 0
F2 301 1 1
G2 328 1 1
A2 354 1 0
B2 381 1 0
A2 408 1 0
B2 435 1 0
Measure Number: 65
D5 123 4 1
C5 231 4 1
B4 334 4 1
C5 437 4 1
F4 123 12 1
A4 123 12 0
E4 437 4 0
A4 437 4 0
B2 123 1 1
C3 149 1 1
A2 179 1 2
B2 205 1 1
C3 231 1 1
D3 257 1 1
B2 282 1 1
C3 308 1 1
D3 334 1 1
E3 360 1 0
C3 385 1 1
D3 411 1 1
E3 437 1 0
F3 463 1 1
E3 488 1 0
F3 514 1 1
Measure Number: 66
D5 20 4 1
C5 135 4 1
B4 248 4 1
B4 361 4 0
C5 373 4 1
F4 20 12 1
A4 20 12 0
C4 361 4 1
G4 361 4 1
B2 20 1 1
C3 49 1 1
A2 79 1 2
B2 107 1 1
C3 135 1 1
D3 163 1 1
B2 191 1 1
C3 219 1 1
D3 248 1 1
E3 276 1 0
C3 304 1 1
D3 332 1 1
E3 361 1 1
F3 389 1 1
D3 420 1 2
E3 448 1 1
Measure Number: 67
C4 16 4 1
F4 16 4 1
A4 16 4 0
C5 16 4 1
E4 131 4 1
B4 131 4 0
C5 142 4 1
F4 244 4 1
A4 244 4 0
C5 244 4 1
F4 359 4 1
A4 359 4 0
D5 359 4 1
F3 16 1 1
G3 44 1 1
E3 74 1 1
F3 102 1 1
G3 131 1 1
A3 159 1 0
F3 187 1 1
G3 216 1 1
A3 244 1 0
B3 272 1 0
G3 301 1 1
A3 329 1 0
B3 359 1 1
C4 387 1 1
A3 418 1 2
B3 446 1 1
Measure Number: 68
E4 111 4 0
G4 111 4 1
E5 111 4 0
G4 251 4 1
B4 251 4 1
F5 251 4 1
G4 368 4 1
C5 368 4 1
G5 368 4 1
C5 472 4 1
D5 484 4 1
A5 484 4 0
C4 111 1 1
D4 140 1 1
B3 171 1 1
C4 200 1 1
D4 251 1 1
E4 280 1 0
C4 309 1 1
D4 339 1 1
E4 368 1 0
F4 397 1 1
D4 426 1 1
E4 455 1 0
F4 484 1 1
G4 513 1 1
E4 543 1 0
F4 572 1 1
Measure Number: 69
C5 13 8 1
E5 13 8 0
G5 13 8 1
C5 259 4 1
E5 259 4 0
G5 259 4 1
C6 259 4 1
E5 369 4 0
G5 369 4 1
C6 369 4 1
E6 369 4 0
G4 13 1 1
A4 40 1 0
G4 68 1 1
F4 96 1 1
E4 123 1 0
D4 151 1 1
C4 179 1 1
B3 206 1 0
A3 259 1 0
G3 286 1 1
F3 314 1 1
E3 342 1 0
D3 369 1 1
C3 397 1 1
B2 425 1 0
A2 453 1 0
Measure Number: 70
G5 16 4 1
C6 16 4 1
E6 16 4 0
G6 16 4 1
C6 143 4 1
E6 143 4 0
G6 143 4 1
C7 143 4 1
A5 271 4 0
C6 259 4 1
D6 271 4 1
A6 271 4 0
B3 341 4 1
F4 341 4 1
G4 353 4 1
B4 341 4 1
G2 16 1 1
F2 48 1 1
E2 80 1 0
D2 112 1 1
C2 143 1 1
B1 175 1 0
A1 207 1 0
G1 239 1 1
F1 271 4 1
F2 271 4 1
G1 341 4 1
G2 341 4 1
Measure Number: 71
C4 114 2 1
E4 114 2 0
G4 114 2 1
C5 114 2 1
rest 2
G5 202 1 1
A5 229 1 0
G5 257 1 1
E6 284 1 0
F5 315 1 2
G5 342 1 1
F5 369 1 2
E6 397 1 0
F5 437 1 1
G5 464 1 1
F5 492 1 0
D6 519 1 1
C1 114 2 1
C2 114 2 1
rest 2
G2 202 2 1
G3 202 2 1
C2 257 2 1
A2 315 2 1
A3 315 2 1
C2 369 2 1
A2 437 2 0
A3 437 2 0
C2 492 2 1
Measure Number: 72
E5 20 1 1
F5 48 1 1
E5 76 1 1
D6 106 1 0
E5 133 1 0
F5 161 1 1
E5 189 1 0
C6 216 1 1
D5 246 1 1
E5 273 1 0
D5 301 1 1
C6 328 1 1
D5 356 1 1
E5 384 1 0
D5 411 1 1
B5 444 1 1
G2 20 2 1
G3 20 2 1
C2 76 2 1
G2 133 2 1
G3 133 2 0
C2 189 2 1
G2 246 2 1
F3 246 2 1
C2 301 2 1
G2 356 2 1
D3 356 2 1
C2 411 2 1
Measure Number: 73
C5 13 1 1
D5 40 1 1
C5 68 1 1
C6 96 1 1
G5 124 1 1
A5 152 1 0
G5 180 1 1
E6 207 1 0
F5 238 1 2
G5 266 1 1
F5 294 1 2
E6 322 1 0
F5 362 1 1
G5 389 1 1
F5 417 1 0
D6 445 1 1
G2 13 2 1
E3 13 2 0
C2 68 2 1
A2 124 2 0
G3 124 2 1
C2 180 2 1
A2 238 2 1
A3 238 2 1
C2 294 2 1
A2 362 2 0
A3 362 2 0
C2 417 2 1
Measure Number: 74
E5 123 1 1
F5 148 1 1
E5 173 1 1
D6 203 1 0
E5 230 1 0
F5 255 1 1
E5 280 1 0
C6 305 1 1
D5 334 1 1
E5 359 1 0
D5 384 1 1
C6 409 1 1
D5 434 1 1
E5 459 1 0
D5 484 1 1
B5 517 1 1
G2 123 2 1
G3 123 2 1
C2 173 2 1
G2 230 2 1
G3 230 2 0
C2 280 2 1
G2 334 2 1
F3 334 2 1
C2 384 2 1
G2 434 2 1
D3 434 2 1
C2 484 2 1
Measure Number: 75
C5 24 1 1
D5 42 1 1
C5 59 1 1
C6 77 1 1
G5 96 1 1
A5 131 1 0
G5 153 1 1
E6 172 1 0
G5 202 1 0
A5 245 1 -1
G5 267 1 0
E6 297 1 0
F5 328 1 1
G5 362 1 0
F5 384 1 1
D6 417 1 1
C2 24 2 1
G2 24 2 1
E3 24 2 0
rest 2
G4 96 1 1
F4 131 1 2
G4 153 1 1
G3 172 1 1
G4 202 1 0
F4 245 1 1
G4 267 1 0
G3 297 1 1
F4 328 1 1
E4 362 1 1
F4 384 1 1
G3 417 1 1
Measure Number: 76
E5 24 1 1
F5 55 1 1
E5 90 1 1
D6 120 1 0
E5 150 1 0
F5 184 1 1
E5 206 1 0
C6 228 1 1
D5 258 1 1
E5 293 1 0
D5 316 1 1
B5 349 1 1
D5 379 1 0
E5 422 1 -1
D5 444 1 0
B5 475 1 0
E4 24 1 1
E4 55 1 0
E4 90 1 1
G3 120 1 1
E4 150 1 0
D4 184 1 1
E4 206 1 0
G3 228 1 1
D4 258 1 1
C4 293 1 2
D4 316 1 1
G3 349 1 1
D4 379 1 0
C4 422 1 1
D4 444 1 0
G3 475 1 1
Measure Number: 77
C5 111 1 1
D5 154 1 0
C5 198 1 1
A5 241 1 1
B4 285 1 1
C5 328 1 1
B4 372 1 1
A5 415 1 0
B4 459 1 0
C5 502 1 0
B4 546 1 0
G5 590 1 1
A4 633 1 1
B4 677 1 0
A4 720 1 1
G5 764 1 0
C4 111 1 1
B3 154 1 1
C4 198 1 1
G2 241 1 1
B3 285 1 1
B3 328 1 0
B3 372 1 1
G2 415 1 1
B3 459 1 0
A3 502 1 1
B3 546 1 0
G2 590 1 1
A3 633 1 1
G3 677 1 2
A3 720 1 1
G2 764 1 1
Measure Number: 78
A4 18 1 0
B4 59 1 -1
A4 101 1 0
F5 143 1 1
G4 185 1 1
A4 227 1 0
G4 269 1 1
E5 311 1 1
G4 353 1 0
A4 394 1 -1
G4 436 1 0
E5 478 1 0
F4 520 1 1
G4 562 1 1
F4 604 1 1
D5 646 1 1
A3 18 1 0
G3 59 1 1
A3 101 1 0
G2 143 1 1
G3 185 1 1
F3 227 1 2
G3 269 1 1
G2 311 1 1
G3 353 1 0
F3 394 1 1
G3 436 1 0
G2 478 1 1
F3 520 1 1
E3 562 1 1
F3 604 1 1
G2 646 1 1
Measure Number: 79
E4 122 2 0
C5 122 2 1
G3 172 1 1
E4 204 1 0
C4 235 1 1
C4 266 1 1
G4 297 1 1
E5 329 1 0
C5 360 1 1
C5 391 1 1
G5 422 1 1
E6 454 1 0
C6 485 1 1
C6 516 1 1
G6 547 1 1
C7 579 1 1
C2 122 2 1
G2 122 2 1
E3 122 2 0
rest 2
rest 4
rest 8
Measure Number: 80
E7 24 1 0
G6 53 1 1
C6 81 1 1
C6 109 1 1
E6 138 1 0
G5 166 1 1
C5 195 1 1
C5 223 1 1
E5 252 1 0
G4 280 1 1
C4 309 1 1
C4 337 1 1
E4 365 1 0
G3 394 1 1
C3 422 1 1
C3 451 1 1
C3 24 2 1
G3 24 2 1
E4 24 2 0
rest 2
rest 4
rest 8
Measure Number: 81
rest 8
C5 120 2 1
E5 120 2 0
G5 120 2 1
C6 120 2 1
rest 2
rest 2
rest 1
C3 265 1 1
C4 265 1 1
C2 16 2 1
rest 2
rest 4
C3 120 2 1
G3 120 2 1
E4 120 2 0
rest 2
rest 2
rest 1
C1 265 1 1
C2 265 1 1
Measure Number: 82
C3 37 16 1
C4 37 16 1
C1 37 16 1
C2 37 16 1
