Measure Number: 1
rest 20
F4 180 20 0
G4 232 20 0
rest 20
A4 334 20 -1
B4 385 20 -1
F2 129 10 0
C3 155 10 0
A3 180 10 -1
C3 206 10 0
B3 232 10 -1
C3 257 10 0
F2 283 10 0
C3 309 10 0
C4 334 10 0
C3 360 10 0
D4 385 10 -1
C3 411 10 0
Measure Number: 2
rest 20
C5 64 20 0
D5 115 20 -1
C5 166 20 0
A5 218 20 -1
G5 269 20 0
F2 13 10 0
C3 38 10 0
C4 64 10 0
C3 89 10 0
B3 115 10 -1
C3 141 10 0
F2 166 10 0
C3 192 10 0
A3 218 10 -1
C3 243 10 0
B3 269 10 -1
C3 295 10 0
Measure Number: 3
F5 13 20 0
C5 64 20 0
D5 115 20 -1
C5 166 20 0
A4 218 20 -1
F4 269 20 0
F2 13 10 0
C3 38 10 0
A3 64 10 -1
C3 89 10 0
B3 115 10 -1
C3 141 10 0
F2 166 10 0
C3 192 10 0
A3 218 10 -1
C3 243 10 0
C4 269 10 0
C3 295 10 0
Measure Number: 4
C4 16 120 0
F2 16 10 0
C3 42 10 0
G3 67 10 0
C3 93 10 0
A3 119 10 -1
C3 144 10 0
F2 170 10 0
C3 195 10 0
B3 221 10 -1
C3 247 10 0
G3 272 10 0
C3 298 10 0
Measure Number: 5
rest 20
F4 164 20 0
G4 218 20 0
rest 20
A4 327 20 -1
B4 382 20 -1
F2 109 10 0
C3 136 10 0
A3 164 10 -1
C3 191 10 0
B3 218 10 -1
C3 245 10 0
F2 273 10 0
C3 300 10 0
C4 327 10 0
C3 354 10 0
D4 382 10 -1
C3 409 10 0
Measure Number: 6
rest 20
C5 67 20 0
D5 122 20 -1
C5 176 20 0
C6 231 20 0
A5 285 20 -1
F2 13 10 0
C3 40 10 0
C4 67 10 0
C3 94 10 0
B3 122 10 -1
C3 149 10 0
F2 176 10 0
C3 203 10 0
A3 231 10 -1
C3 258 10 0
C4 285 10 0
C3 312 10 0
Measure Number: 7
G5 13 20 0
C5 67 20 0
D5 122 20 -1
C5 176 20 0
G4 231 20 0
C4 285 20 0
F2 13 10 0
C3 40 10 0
B3 67 10 -1
C3 94 10 0
G3 122 10 0
C3 149 10 0
F2 176 10 0
C3 203 10 0
B3 231 10 -1
C3 258 10 0
G3 285 10 0
C3 312 10 0
Measure Number: 8
F4 13 10 0
G4 42 10 0
A4 72 80 -1
rest 20
F2 13 10 0
B2 42 10 0
A3 72 10 -1
B2 102 10 0
D4 133 10 -1
B2 163 10 0
F2 193 10 0
B2 223 10 0
A3 253 10 -1
B2 283 10 0
D4 313 10 -1
B2 343 10 0
Measure Number: 9
rest 20
F4 165 20 0
G4 221 20 0
rest 20
A4 332 20 -1
B4 388 20 -1
F2 109 10 0
C3 137 10 0
A3 165 10 -1
C3 193 10 0
B3 221 10 -1
C3 249 10 0
F2 276 10 0
C3 304 10 0
C4 332 10 0
C3 360 10 0
D4 388 10 -1
C3 416 10 0
Measure Number: 10
rest 20
C5 68 20 0
D5 124 20 -1
C5 180 20 0
A5 236 20 -1
G5 292 20 0
F2 13 10 0
C3 40 10 0
C4 68 10 0
C3 96 10 0
B3 124 10 -1
C3 152 10 0
F2 180 10 0
C3 208 10 0
A3 236 10 -1
C3 264 10 0
B3 292 10 -1
C3 320 10 0
Measure Number: 11
F5 13 20 0
C5 68 20 0
D5 124 20 -1
C5 180 20 0
A4 236 20 -1
F4 292 20 0
F2 13 10 0
C3 40 10 0
A3 68 10 -1
C3 96 10 0
B3 124 10 -1
C3 152 10 0
F2 180 10 0
C3 208 10 0
A3 236 10 -1
C3 264 10 0
C4 292 10 0
C3 320 10 0
Measure Number: 12
C4 16 120 0
F2 16 10 0
C3 44 10 0
G3 72 10 0
C3 100 10 0
A3 128 10 -1
C3 156 10 0
F2 183 10 0
C3 211 10 0
B3 239 10 -1
C3 267 10 0
G3 295 10 0
C3 323 10 0
Measure Number: 13
rest 20
F4 165 20 0
G4 221 20 0
rest 20
A4 333 20 -1
B4 389 20 -1
F2 109 10 0
C3 137 10 0
A3 165 10 -1
C3 193 10 0
B3 221 10 -1
C3 249 10 0
F2 277 10 0
C3 305 10 0
C4 333 10 0
C3 361 10 0
D4 389 10 -1
C3 417 10 0
Measure Number: 14
rest 20
C5 68 20 0
D5 124 20 -1
C5 180 20 0
C6 236 20 0
A5 292 20 -1
F2 13 10 0
C3 40 10 0
C4 68 10 0
C3 96 10 0
B3 124 10 -1
C3 152 10 0
F2 180 10 0
C3 208 10 0
A3 236 10 -1
C3 264 10 0
C4 292 10 0
C3 320 10 0
Measure Number: 15
G5 13 20 0
C5 68 20 0
D5 124 20 -1
C5 180 20 0
G4 236 20 0
C4 292 20 0
F2 13 10 0
C3 40 10 0
B3 68 10 -1
C3 96 10 0
G3 124 10 0
C3 152 10 0
F2 180 10 0
C3 208 10 0
B3 236 10 -1
C3 264 10 0
G3 292 10 0
C3 320 10 0
Measure Number: 16
F4 13 120 0
F2 13 10 0
C3 40 10 0
A3 68 10 -1
C3 96 10 0
C4 124 10 0
C3 152 10 0
F2 180 10 0
C3 208 10 0
A3 236 10 -1
C3 264 10 0
C4 292 10 0
C3 320 10 0
Measure Number: 17
A4 109 60 -1
B4 258 0 -1
A4 277 20 -1
G4 333 30 0
A4 417 10 -1
F2 109 10 0
D3 137 10 0
A3 165 10 -1
D3 193 10 0
B3 221 10 -1
D3 249 10 0
F2 277 10 0
B2 305 10 -1
A3 333 10 -1
B2 361 10 -1
B3 389 10 -1
B2 417 10 -1
Measure Number: 18
B4 16 60 -1
C5 189 60 0
E2 16 10 -1
B2 45 10 -1
G3 74 10 -1
B2 102 10 -1
B3 131 10 -1
B2 160 10 -1
E2 189 10 -1
A2 217 10 -1
G3 246 10 -1
A2 275 10 -1
A3 304 10 -1
A2 332 10 -1
Measure Number: 19
D5 16 20 -1
A4 71 20 -1
B4 126 20 -1
A4 181 20 -1
F4 236 20 0
D4 291 20 -1
D2 16 10 -1
A2 43 10 -1
F3 71 10 0
A2 98 10 -1
A3 126 10 -1
A2 153 10 -1
D2 181 10 -1
A2 208 10 -1
F3 236 10 0
A2 263 10 -1
A3 291 10 -1
A2 318 10 -1
Measure Number: 20
A3 16 40 -1
rest 20
rest 40
E4 284 20 -1
C2 16 10 0
A2 43 10 -1
E3 70 10 -1
A2 96 10 -1
A3 123 10 -1
A2 150 10 -1
C2 177 10 0
A2 203 10 -1
E3 230 10 -1
A2 257 10 -1
A3 284 10 -1
A2 310 10 -1
Measure Number: 21
E5 123 60 -1
E5 265 0 -1
F5 275 0 0
E5 286 20 -1
D5 340 20 0
E5 394 20 -1
C2 123 10 -1
G2 151 10 -1
E3 178 10 -1
G2 205 10 -1
G3 233 10 -1
G2 259 10 -1
C2 286 10 -1
G2 313 10 -1
E3 340 10 -1
G2 367 10 -1
G3 394 10 -1
G2 421 10 -1
Measure Number: 22
F5 22 60 0
G5 184 60 -1
C2 22 10 -1
A2 49 10 -1
D3 76 10 -1
A2 103 10 -1
A3 130 10 -1
A2 157 10 -1
B1 184 10 -1
G2 212 10 -1
D3 239 10 -1
G2 265 10 -1
G3 293 10 -1
G2 320 10 -1
Measure Number: 23
G5 16 20 -1
D5 71 20 -1
E5 125 20 -1
D5 179 20 -1
B4 233 20 -1
G4 287 20 -1
B1 16 10 -1
G2 44 10 -1
D3 71 10 -1
G2 98 10 -1
G3 125 10 -1
G2 152 10 -1
B1 179 10 -1
G2 206 10 -1
D3 233 10 -1
G2 260 10 -1
G3 287 10 -1
G2 314 10 -1
Measure Number: 24
D4 16 20 -1
D5 72 20 -1
E5 127 20 -1
D5 183 20 -1
A4 240 20 -1
F4 296 20 -1
A1 16 10 -1
F2 44 10 0
D3 72 10 -1
F2 99 10 0
F3 127 10 0
F2 155 10 0
A1 183 10 -1
F2 212 10 -1
D3 240 10 -1
F2 268 10 -1
F3 296 10 -1
F2 323 10 -1
Measure Number: 25
D4 112 20 -1
D4 168 20 -1
D5 168 20 -1
E4 222 20 -1
E5 222 20 -1
rest 20
F4 336 20 -1
F5 336 20 -1
G4 397 20 -1
G5 397 20 -1
A1 112 10 -2
F2 142 10 -1
D3 168 10 -1
F2 194 10 -1
F3 222 10 -1
F2 249 10 -1
B1 275 10 -1
A2 309 10 -2
F3 336 10 -1
A2 362 10 -2
A3 397 10 -2
A2 423 10 -2
Measure Number: 26
rest 20
G4 75 20 0
G5 75 20 0
A4 126 20 0
A5 126 20 0
rest 20
B4 221 20 -1
B5 221 20 -1
C5 269 20 0
C6 269 20 0
B1 21 10 0
G2 49 10 0
E3 75 10 0
G2 99 10 0
G3 126 10 0
G2 150 10 0
C2 174 10 0
G2 198 10 0
E3 221 10 0
G2 245 10 0
G3 269 10 0
G2 293 10 0
Measure Number: 27
D5 19 20 -1
D6 19 20 -1
E5 74 20 -1
E6 74 20 -1
F5 129 20 -1
F6 129 20 -1
G5 184 20 -1
G6 184 20 -1
G5 238 20 0
G6 238 20 0
A5 297 20 0
A6 297 20 0
F2 19 10 -1
D3 46 10 -1
B3 74 10 -1
D3 101 10 -1
G2 129 10 0
F3 156 10 -1
D4 184 10 -1
F3 211 10 -1
B2 238 10 -1
G3 266 10 0
F4 297 10 -1
G3 324 10 0
Measure Number: 28
B5 16 10 -1
B6 16 10 -1
C6 42 10 0
C7 42 10 0
D6 72 40 -1
D7 72 40 -1
rest 40
rest 20
D3 16 10 -1
B3 42 10 -1
G4 72 10 0
B3 98 10 -1
E3 124 10 0
D4 150 10 -1
B4 189 10 -1
D4 215 10 -1
B4 241 10 -1
D4 267 10 -1
B4 293 10 -1
D4 318 10 -1
Measure Number: 29
D5 112 20 -1
D6 112 20 -1
D5 168 20 -1
D6 168 20 -1
D5 223 20 -1
D6 223 20 -1
D5 278 40 -1
D6 278 40 -1
C5 391 20 0
C6 391 20 0
C3 112 10 0
A3 140 10 -1
F4 168 10 0
A3 195 10 -1
A4 223 10 -1
A3 251 10 -1
C3 278 10 0
G3 306 10 0
E4 336 10 0
G3 363 10 0
G4 391 10 0
G3 419 10 0
Measure Number: 30
D5 13 20 -1
D5 68 20 -1
D5 123 20 -1
D5 178 40 -1
C5 291 20 0
C3 13 10 0
A3 40 10 -1
F4 68 10 0
A3 95 10 -1
A4 123 10 -1
A3 151 10 -1
C3 178 10 0
G3 206 10 0
E4 236 10 0
G3 263 10 0
G4 291 10 0
G3 319 10 0
Measure Number: 31
B4 16 20 -1
B5 16 20 -1
A4 71 20 -1
A5 71 20 -1
B4 126 20 -1
B5 126 20 -1
C5 182 60 0
C6 182 60 0
C3 16 10 0
F3 44 10 0
D4 71 10 -1
F3 99 10 0
F4 126 10 0
F3 154 10 0
C3 182 10 0
G3 209 10 0
E4 239 10 0
G3 267 10 0
G4 295 10 0
G3 322 10 0
Measure Number: 32
B4 13 20 -1
A4 68 20 -1
B4 123 20 -1
C5 178 60 0
C3 13 10 0
F3 40 10 0
D4 68 10 -1
F3 95 10 0
F4 123 10 0
F3 151 10 0
C3 178 10 0
G3 206 10 0
E4 236 10 0
G3 263 10 0
G4 291 10 0
G3 319 10 0
Measure Number: 33
D6 112 12 -1
D7 112 12 -1
D6 150 12 -1
D7 150 12 -1
D6 186 12 -1
D7 186 12 -1
D6 223 12 -1
D7 223 12 -1
D5 259 12 -1
D6 259 12 -1
D5 297 40 -1
D6 297 40 -1
C5 395 20 0
C6 395 20 0
C3 112 10 0
A3 135 10 -1
F4 171 10 0
A3 205 10 -1
A4 238 10 -1
A3 274 10 -1
C3 297 10 0
G3 320 10 0
E4 350 10 0
G3 372 10 0
G4 395 10 0
G3 418 10 0
Measure Number: 34
D6 16 12 -1
D6 54 12 -1
D6 90 12 -1
D6 127 12 -1
D5 163 12 -1
D5 200 40 -1
C5 299 20 0
C3 16 10 0
A3 39 10 -1
F4 75 10 0
A3 108 10 -1
A4 142 10 -1
A3 178 10 -1
C3 200 10 0
G3 223 10 0
E4 253 10 0
G3 276 10 0
G4 299 10 0
G3 321 10 0
Measure Number: 35
B4 16 12 -1
B5 16 12 -1
C5 54 12 0
C6 54 12 0
B4 90 12 -1
B5 90 12 -1
A4 127 12 -1
A5 127 12 -1
B4 163 12 -1
B5 163 12 -1
C5 200 60 0
C6 200 60 0
C3 16 10 0
F3 39 10 0
D4 75 10 -1
F3 108 10 0
F4 142 10 0
F3 178 10 0
C3 200 10 0
G3 223 10 0
E4 253 10 0
G3 276 10 0
G4 299 10 0
G3 321 10 0
Measure Number: 36
B4 13 12 -1
C5 50 12 0
B4 86 12 -1
A4 123 12 -1
B4 159 12 -1
C5 197 60 0
C3 13 10 0
F3 35 10 0
D4 71 10 -1
F3 105 10 0
F4 138 10 0
F3 174 10 0
C3 197 10 0
G3 220 10 0
E4 250 10 0
G3 272 10 0
G4 295 10 0
G3 318 10 0
Measure Number: 37
rest 20
F4 165 20 0
G4 221 20 0
rest 20
A4 332 20 -1
B4 388 20 -1
F2 109 10 0
C3 137 10 0
A3 165 10 -1
C3 193 10 0
B3 221 10 -1
C3 249 10 0
F2 276 10 0
C3 304 10 0
C4 332 10 0
C3 360 10 0
D4 388 10 -1
C3 416 10 0
Measure Number: 38
rest 20
C5 68 20 0
D5 124 20 -1
C5 180 20 0
A5 236 20 -1
G5 292 20 0
F2 13 10 0
C3 40 10 0
C4 68 10 0
C3 96 10 0
B3 124 10 -1
C3 152 10 0
F2 180 10 0
C3 208 10 0
A3 236 10 -1
C3 264 10 0
B3 292 10 -1
C3 320 10 0
Measure Number: 39
F5 13 20 0
C5 68 20 0
D5 124 20 -1
C5 180 20 0
A4 236 20 -1
F4 292 20 0
F2 13 10 0
C3 40 10 0
A3 68 10 -1
C3 96 10 0
B3 124 10 -1
C3 152 10 0
F2 180 10 0
C3 208 10 0
A3 236 10 -1
C3 264 10 0
C4 292 10 0
C3 320 10 0
Measure Number: 40
C4 16 120 0
F2 16 10 0
C3 44 10 0
G3 72 10 0
C3 100 10 0
A3 128 10 -1
C3 156 10 0
F2 183 10 0
C3 211 10 0
B3 239 10 -1
C3 267 10 0
G3 295 10 0
C3 323 10 0
Measure Number: 41
rest 20
F4 164 20 0
G4 218 20 0
rest 20
A4 327 20 -1
B4 382 20 -1
F2 109 10 0
C3 136 10 0
A3 164 10 -1
C3 191 10 0
B3 218 10 -1
C3 245 10 0
F2 273 10 0
C3 300 10 0
C4 327 10 0
C3 354 10 0
D4 382 10 -1
C3 409 10 0
Measure Number: 42
rest 20
C5 67 20 0
D5 122 20 -1
C5 176 20 0
C6 231 20 0
A5 285 20 -1
F2 13 10 0
C3 40 10 0
C4 67 10 0
C3 94 10 0
B3 122 10 -1
C3 149 10 0
F2 176 10 0
C3 203 10 0
A3 231 10 -1
C3 258 10 0
C4 285 10 0
C3 312 10 0
Measure Number: 43
G5 13 20 0
C5 67 20 0
D5 122 20 -1
C5 176 20 0
G4 231 20 0
C4 285 20 0
F2 13 10 0
C3 40 10 0
B3 67 10 -1
C3 94 10 0
G3 122 10 0
C3 149 10 0
F2 176 10 0
C3 203 10 0
B3 231 10 -1
C3 258 10 0
G3 285 10 0
C3 312 10 0
Measure Number: 44
F4 13 10 0
G4 42 10 0
A4 72 80 -1
rest 20
F2 13 10 0
B2 42 10 0
A3 72 10 -1
B2 102 10 0
D4 133 10 -1
B2 163 10 0
F2 193 10 0
B2 223 10 0
A3 253 10 -1
B2 283 10 0
D4 313 10 -1
B2 343 10 0
Measure Number: 45
rest 20
F4 165 20 0
F5 165 20 0
G4 220 20 0
G5 220 20 0
rest 20
A4 332 20 -1
A5 332 20 -1
B4 387 20 -1
B5 387 20 -1
F2 109 10 0
C3 137 10 0
A3 165 10 -1
C3 192 10 0
B3 220 10 -1
C3 248 10 0
F2 276 10 0
C3 304 10 0
C4 332 10 0
C3 360 10 0
D4 387 10 -1
C3 415 10 0
Measure Number: 46
rest 20
C5 68 20 0
C6 68 20 0
D5 124 20 -1
D6 124 20 -1
C5 180 20 0
C6 180 20 0
A5 235 20 -1
A6 235 20 -1
G5 291 20 0
G6 291 20 0
F2 13 10 0
C3 40 10 0
C4 68 10 0
C3 96 10 0
B3 124 10 -1
C3 152 10 0
F2 180 10 0
C3 207 10 0
A3 235 10 -1
C3 263 10 0
B3 291 10 -1
C3 319 10 0
Measure Number: 47
F5 16 20 0
F6 16 20 0
C5 72 20 0
C6 72 20 0
D5 127 20 -1
D6 127 20 -1
C5 183 20 0
C6 183 20 0
A4 239 20 -1
A5 239 20 -1
F4 294 20 0
F5 294 20 0
F2 16 10 0
C3 44 10 0
A3 72 10 -1
C3 100 10 0
B3 127 10 -1
C3 155 10 0
F2 183 10 0
C3 211 10 0
A3 239 10 -1
C3 267 10 0
C4 294 10 0
C3 322 10 0
Measure Number: 48
C4 16 120 0
C5 16 120 0
F2 16 10 0
C3 44 10 0
G3 72 10 0
C3 100 10 0
A3 127 10 -1
C3 155 10 0
F2 183 10 0
C3 211 10 0
B3 239 10 -1
C3 267 10 0
G3 294 10 0
C3 322 10 0
Measure Number: 49
rest 20
F4 161 20 0
F5 161 20 0
G4 211 20 0
G5 211 20 0
rest 20
A4 312 20 0
A5 312 20 0
B4 362 20 -1
B5 362 20 -1
F2 109 10 0
C3 134 10 0
A3 161 10 0
C3 186 10 0
B3 211 10 -1
C3 236 10 0
F2 261 10 0
C3 286 10 0
C4 312 10 0
C3 337 10 0
D4 362 10 -1
C3 387 10 0
Measure Number: 50
rest 20
C5 67 20 0
C6 67 20 0
D5 120 20 -1
D6 120 20 -1
E5 173 60 -1
E6 173 60 -1
F2 13 10 0
G3 40 10 -1
E4 67 10 -1
G3 93 10 -1
F4 120 10 0
G3 147 10 -1
F2 173 10 0
G3 200 10 -1
G4 231 10 -1
G3 258 10 -1
G4 284 10 -1
G3 311 10 -1
Measure Number: 51
rest 20
B4 74 20 0
B5 74 20 0
C5 135 20 0
C6 135 20 0
rest 20
D5 258 20 0
D6 258 20 0
E5 321 20 0
E6 321 20 0
F2 13 10 0
D3 43 10 0
G3 74 10 1
D3 104 10 0
A3 135 10 0
D3 166 10 0
F2 196 10 0
D3 227 10 0
B3 258 10 0
D3 288 10 0
C4 321 10 1
D3 352 10 0
Measure Number: 52
rest 20
F5 71 20 0
F6 71 20 0
G5 129 20 0
G6 129 20 0
A5 185 60 -1
A6 185 60 -1
F4 241 10 0
F4 298 10 0
F2 13 10 0
D3 41 10 0
D4 71 10 0
D3 99 10 0
E4 129 10 0
D3 157 10 0
F2 185 10 0
D3 213 10 0
D3 270 10 0
D3 326 10 0
Measure Number: 53
rest 20
E4 167 20 0
E5 167 20 0
F4 228 20 0
F5 228 20 0
A4 287 20 -1
A5 287 20 -1
G4 345 20 0
G5 345 20 0
A4 404 20 -1
A5 404 20 -1
F2 109 10 0
D3 138 10 -1
B3 167 10 -1
D3 197 10 -1
D4 228 10 -1
D3 257 10 -1
F2 287 10 0
D3 316 10 -1
B3 345 10 -1
D3 374 10 -1
D4 404 10 -1
D3 433 10 -1
Measure Number: 54
C5 16 20 0
C6 16 20 0
B4 69 20 -1
B5 69 20 -1
C5 122 20 0
C6 122 20 0
E5 175 20 -1
E6 175 20 -1
D5 228 20 -1
D6 228 20 -1
E5 281 20 -1
E6 281 20 -1
F2 16 10 0
D3 43 10 -1
B3 69 10 -1
D3 96 10 -1
D4 122 10 -1
D3 149 10 -1
F2 175 10 0
D3 202 10 -1
B3 228 10 -1
D3 255 10 -1
D4 281 10 -1
D3 308 10 -1
Measure Number: 55
F5 16 20 0
F6 16 20 0
E5 69 20 0
E6 69 20 0
F5 122 20 0
F6 122 20 0
A5 175 20 -1
A6 175 20 -1
G5 228 20 0
G6 228 20 0
A5 281 20 -1
A6 281 20 -1
F2 16 10 0
D3 43 10 -1
B3 69 10 -1
D3 96 10 -1
D4 122 10 -1
D3 149 10 -1
F2 175 10 0
D3 202 10 -1
B3 228 10 -1
D3 255 10 -1
D4 281 10 -1
D3 308 10 -1
Measure Number: 56
A5 21 10 0
A6 21 10 0
B5 49 10 -1
B6 49 10 -1
D6 77 80 -1
D7 77 80 -1
E4 301 20 0
E5 301 20 0
F2 21 10 0
D3 49 10 -1
B3 77 10 -1
D3 105 10 -1
D4 133 10 -1
D3 161 10 -1
F2 189 10 0
D3 217 10 -1
B3 245 10 -1
D3 273 10 -1
D4 301 10 -1
D3 329 10 -1
Measure Number: 57
G4 109 20 0
G5 109 20 0
G4 164 20 0
G5 164 20 0
G4 219 20 0
G5 219 20 0
G4 273 40 0
G5 273 40 0
F4 383 20 0
F5 383 20 0
F2 109 10 0
D3 136 10 -1
B3 164 10 -1
D3 191 10 -1
D4 219 10 -1
D3 246 10 -1
F2 273 10 0
C3 301 10 0
A3 328 10 -1
C3 356 10 0
C4 383 10 0
C3 410 10 0
Measure Number: 58
G4 13 20 0
G4 67 20 0
G4 122 20 0
G4 177 40 0
F4 287 20 0
F2 13 10 0
D3 40 10 -1
B3 67 10 -1
D3 95 10 -1
D4 122 10 -1
D3 150 10 -1
F2 177 10 0
C3 204 10 0
A3 232 10 -1
C3 259 10 0
C4 287 10 0
C3 314 10 0
Measure Number: 59
E4 18 20 0
E5 18 20 0
D4 74 20 1
D5 74 20 1
E4 130 20 0
E5 130 20 0
F4 186 60 0
F5 186 60 0
F2 18 10 0
D3 46 10 -1
B3 74 10 -1
D3 102 10 -1
D4 130 10 -1
D3 158 10 -1
F2 186 10 0
C3 214 10 0
A3 242 10 -1
C3 271 10 0
C4 299 10 0
C3 327 10 0
Measure Number: 60
E4 18 20 0
D4 74 20 1
E4 130 20 0
F4 186 60 0
F2 18 10 0
D3 46 10 -1
B3 74 10 -1
D3 102 10 -1
D4 130 10 -1
D3 158 10 -1
F2 186 10 0
C3 214 10 0
A3 242 10 -1
C3 271 10 0
C4 299 10 0
C3 327 10 0
Measure Number: 61
G5 112 8 0
G6 112 8 0
G5 144 8 0
G6 144 8 0
G5 187 8 0
G6 187 8 0
G5 232 8 0
G6 232 8 0
G5 275 8 0
G6 275 8 0
G5 306 10 0
G6 306 10 0
rest 5
G4 366 5 0
G5 366 5 0
G4 392 40 0
G5 392 40 0
F4 528 20 0
F5 528 20 0
F2 112 10 0
D3 159 10 -1
B3 209 10 -1
D3 260 10 -1
D4 306 10 -1
D3 341 10 -1
F2 392 10 0
C3 426 10 0
A3 460 10 -1
C3 494 10 0
C4 528 10 0
C3 562 10 0
Measure Number: 62
G5 13 8 0
G5 43 8 0
G5 85 8 0
G5 129 8 0
G5 170 8 0
G5 201 10 0
rest 5
G4 258 5 0
G4 283 40 0
F4 414 20 0
F2 13 10 0
D3 58 10 -1
B3 107 10 -1
D3 155 10 -1
D4 201 10 -1
D3 234 10 -1
F2 283 10 0
C3 316 10 0
A3 349 10 -1
C3 381 10 0
C4 414 10 0
C3 447 10 0
Measure Number: 63
E4 18 10 0
E5 18 10 0
F4 51 10 0
F5 51 10 0
G4 84 10 0
G5 84 10 0
A4 117 10 -1
A5 117 10 -1
B4 150 10 -1
B5 150 10 -1
A4 184 10 -1
A5 184 10 -1
F4 217 60 0
F5 217 60 0
F2 18 10 0
D3 51 10 -1
B3 84 10 -1
D3 117 10 -1
D4 150 10 -1
D3 184 10 -1
F2 217 10 0
C3 250 10 0
A3 283 10 -1
C3 316 10 0
C4 350 10 0
C3 383 10 0
Measure Number: 64
E4 118 10 0
F4 148 10 0
G4 177 10 0
A4 207 10 -1
B4 236 10 -1
A4 265 10 -1
F4 295 60 0
F2 118 10 0
D3 148 10 -1
B3 177 10 -1
D3 207 10 -1
D4 236 10 -1
D3 265 10 -1
F2 295 10 0
C3 324 10 0
A3 354 10 -1
C3 383 10 0
C4 412 10 0
C3 442 10 0
Measure Number: 65
B6 16 10 -1
C6 46 10 0
A6 75 10 -1
C6 105 10 0
B6 144 10 -1
C6 174 10 0
A6 203 10 -1
C6 233 10 0
B6 263 10 -1
C6 292 10 0
A6 322 10 -1
C6 351 10 0
F2 16 20 0
rest 20
D6 144 10 -1
F5 174 10 0
D6 203 10 -1
F5 233 10 0
D6 263 10 -1
F5 292 10 0
D6 322 10 -1
F5 351 10 0
Measure Number: 66
G6 16 10 0
A5 45 10 -1
F6 75 10 0
A5 104 10 -1
G6 134 10 0
A5 163 10 -1
F6 193 10 0
A5 222 10 -1
G6 251 10 0
A5 281 10 -1
F6 310 10 0
A5 340 10 -1
B5 16 10 -1
F5 45 10 0
B5 75 10 -1
F5 104 10 0
B5 134 10 -1
F5 163 10 0
B5 193 10 -1
F5 222 10 0
B5 251 10 -1
F5 281 10 0
B5 310 10 -1
F5 340 10 0
Measure Number: 67
F7 16 20 0
rest 20
rest 20
rest 40
rest 20
F4 16 20 0
rest 20
rest 20
rest 40
rest 20
