Measure Number: 1
A4 88 1 0
A4 127 1 1
B4 166 1 0
C5 205 1 0
C5 244 1 1
D5 284 1 0
D5 323 1 1
E5 362 1 0
F5 401 1 0
F5 440 1 1
G5 479 1 0
G5 518 1 1
A5 557 1 0
A5 597 1 1
B5 636 1 0
C6 675 1 0
C4 88 1 0
E4 88 1 0
E4 244 1 0
A4 244 1 0
A4 401 1 0
D5 401 1 0
D5 557 1 0
F5 557 1 0
A2 88 2 0
rest 2
E3 244 2 0
A3 244 2 0
C4 244 2 0
rest 2
A2 401 2 0
rest 2
F3 557 2 0
A3 557 2 0
D4 557 2 0
rest 2
Measure Number: 2
C6 24 1 1
D6 66 1 0
D6 109 1 1
E6 151 1 0
F6 193 1 0
E6 236 1 0
D6 278 1 1
D6 320 1 0
C6 362 1 1
C6 405 1 0
B5 447 1 0
B5 489 1 -1
A5 532 1 0
G5 574 1 1
B5 616 1 0
A5 659 1 0
E5 24 1 0
A5 24 1 0
A5 193 1 0
C6 193 1 0
E5 362 1 0
A5 362 1 0
C5 532 1 0
E5 532 1 0
A1 24 2 0
A2 24 2 0
rest 2
E3 193 2 0
A3 193 2 0
C4 193 2 0
rest 2
A3 362 2 0
C4 362 2 0
E4 362 2 0
rest 2
rest 4
Measure Number: 3
G5 72 1 1
G5 118 1 0
F5 164 1 1
F5 210 1 0
E5 255 1 0
D5 301 1 1
F5 347 1 0
E5 393 1 0
D5 439 1 1
D5 489 1 0
C5 535 1 1
C5 580 1 0
B4 626 1 0
C5 672 1 0
D5 718 1 0
C5 764 1 0
B4 72 1 0
E5 72 1 0
G4 255 1 1
B4 255 1 0
A4 450 1 0
C5 450 1 0
E4 638 1 0
A4 638 1 0
E2 72 2 0
rest 2
E3 255 2 0
B3 255 2 0
D4 255 2 0
rest 2
A2 439 2 0
rest 2
E3 626 2 0
A3 626 2 0
C4 626 2 0
rest 2
Measure Number: 4
B4 20 1 0
C5 62 1 0
B4 104 1 0
C5 145 1 0
B4 187 1 0
C5 228 1 0
B4 270 1 0
C5 311 1 0
B4 353 1 0
E5 394 1 0
D5 436 1 1
D5 478 1 0
C5 519 1 1
C5 561 1 0
B4 602 1 0
B4 644 1 -1
E4 20 1 0
G4 20 1 1
D4 199 1 1
A4 199 1 0
E4 353 1 0
G4 353 1 1
D4 519 1 0
G4 519 1 1
E3 20 2 0
B3 20 2 0
rest 2
F3 187 4 0
B3 187 4 0
E3 353 2 0
B3 353 2 0
rest 2
rest 4
Measure Number: 5
A4 63 1 0
A4 106 1 1
B4 148 1 0
C5 191 1 0
C5 233 1 1
D5 275 1 0
D5 318 1 1
E5 360 1 0
F5 403 1 0
F5 445 1 1
G5 487 1 0
G5 530 1 1
A5 572 1 0
A5 614 1 1
B5 657 1 0
C6 699 1 0
C4 63 1 0
E4 63 1 0
E4 233 1 0
A4 233 1 0
A4 403 1 0
D5 403 1 0
D5 572 1 0
F5 572 1 0
A2 63 2 0
rest 2
E3 233 2 0
A3 233 2 0
C4 233 2 0
rest 2
A2 403 2 0
rest 2
F3 572 2 0
A3 572 2 0
D4 572 2 0
rest 2
Measure Number: 6
C6 24 1 1
D6 70 1 0
D6 115 1 1
E6 161 1 0
F6 206 1 0
E6 252 1 0
D6 297 1 1
D6 343 1 0
C6 389 1 1
C6 434 1 0
B5 480 1 0
B5 525 1 -1
A5 571 1 0
G5 616 1 1
B5 662 1 0
A5 708 1 0
E5 24 1 0
A5 24 1 0
A5 206 1 0
C6 206 1 0
E5 389 1 0
A5 389 1 0
C5 571 1 0
E5 571 1 0
A1 24 2 0
A2 24 2 0
rest 2
E3 206 2 0
A3 206 2 0
C4 206 2 0
rest 2
A3 389 2 0
C4 389 2 0
E4 389 2 0
rest 2
rest 4
Measure Number: 7
G5 69 1 0
G5 117 1 1
A5 164 1 0
A5 211 1 1
B5 259 1 0
C6 306 1 0
B5 354 1 0
A5 401 1 1
A5 456 1 0
G5 504 1 1
G5 551 1 0
F5 599 1 1
E5 646 1 1
F5 693 1 1
G5 741 1 0
F5 788 1 1
B4 69 1 0
E5 69 1 0
E5 259 1 0
G5 259 1 0
D5 456 1 1
F5 456 1 1
A4 658 1 0
D5 658 1 1
B2 69 2 0
rest 2
B3 259 2 0
E4 259 2 0
G4 259 2 0
rest 2
B2 456 2 0
rest 2
B3 646 2 0
F4 646 2 1
B4 646 2 0
rest 2
Measure Number: 8
E5 23 1 0
F5 62 1 0
D5 102 1 1
E5 142 1 0
D5 182 1 0
E5 222 1 0
C5 261 1 1
D5 301 1 0
C5 341 1 0
D5 381 1 0
B4 421 1 0
C5 460 1 0
B4 500 1 0
C5 540 1 0
A4 580 1 1
B4 619 1 0
G4 23 1 1
B4 23 1 0
F4 182 1 0
A4 182 1 0
E4 341 1 0
A4 341 1 0
D4 500 1 0
G4 500 1 1
E3 23 4 0
E4 23 4 0
E2 182 4 0
E3 182 4 0
rest 4
E2 500 4 0
E3 500 4 0
Measure Number: 9
A4 69 1 0
A4 111 1 1
B4 154 1 0
C5 196 1 0
C5 238 1 1
D5 280 1 0
D5 322 1 1
E5 365 1 0
F5 407 1 0
F5 449 1 1
G5 491 1 0
G5 534 1 1
A5 576 1 0
A5 618 1 1
B5 660 1 0
C6 702 1 0
C4 69 1 0
E4 69 1 0
E4 238 1 0
A4 238 1 0
A4 407 1 0
D5 407 1 0
D5 576 1 0
F5 576 1 0
A2 69 2 0
rest 2
E3 238 2 0
A3 238 2 0
C4 238 2 0
rest 2
A2 407 2 0
rest 2
F3 576 2 0
A3 576 2 0
D4 576 2 0
rest 2
Measure Number: 10
C6 24 1 1
D6 69 1 0
D6 115 1 1
E6 160 1 0
F6 206 1 0
E6 251 1 0
D6 296 1 1
D6 342 1 0
C6 387 1 1
C6 433 1 0
B5 478 1 0
B5 523 1 -1
A5 569 1 0
G5 614 1 1
B5 659 1 0
A5 705 1 0
E5 24 1 0
A5 24 1 0
A5 206 1 0
C6 206 1 0
E5 387 1 0
A5 387 1 0
C5 569 1 0
E5 569 1 0
A1 24 2 0
A2 24 2 0
rest 2
E3 206 2 0
A3 206 2 0
C4 206 2 0
rest 2
A3 387 2 0
C4 387 2 0
E4 387 2 0
rest 2
rest 4
Measure Number: 11
G5 72 1 1
G5 118 1 0
F5 164 1 1
F5 210 1 0
E5 255 1 0
D5 301 1 1
F5 347 1 0
E5 393 1 0
D5 439 1 1
D5 489 1 0
C5 535 1 1
C5 580 1 0
B4 626 1 0
C5 672 1 0
D5 718 1 0
C5 764 1 0
B4 72 1 0
E5 72 1 0
G4 255 1 1
B4 255 1 0
A4 450 1 0
C5 450 1 0
E4 638 1 0
A4 638 1 0
E2 72 2 0
rest 2
E3 255 2 0
B3 255 2 0
D4 255 2 0
rest 2
A2 439 2 0
rest 2
E3 626 2 0
A3 626 2 0
C4 626 2 0
rest 2
Measure Number: 12
B4 20 1 0
C5 62 1 0
B4 104 1 0
C5 145 1 0
B4 187 1 0
C5 228 1 0
B4 270 1 0
C5 311 1 0
B4 353 1 0
E5 394 1 0
D5 436 1 1
D5 478 1 0
C5 519 1 1
C5 561 1 0
B4 602 1 0
B4 644 1 -1
E4 20 1 0
G4 20 1 1
D4 199 1 1
A4 199 1 0
E4 353 1 0
G4 353 1 1
D4 519 1 0
G4 519 1 1
E3 20 2 0
B3 20 2 0
rest 2
F3 187 4 0
B3 187 4 0
E3 353 2 0
B3 353 2 0
rest 2
rest 4
Measure Number: 13
A4 63 1 0
A4 106 1 1
B4 149 1 0
C5 192 1 0
C5 235 1 1
D5 278 1 0
D5 320 1 1
E5 363 1 0
F5 406 1 0
F5 449 1 1
G5 492 1 0
G5 534 1 1
A5 577 1 0
A5 620 1 1
B5 663 1 0
C6 706 1 0
C4 63 1 0
E4 63 1 0
E4 235 1 0
A4 235 1 0
A4 406 1 0
D5 406 1 0
D5 577 1 0
F5 577 1 0
A2 63 2 0
rest 2
E3 235 2 0
A3 235 2 0
C4 235 2 0
rest 2
A2 406 2 0
rest 2
F3 577 2 0
A3 577 2 0
D4 577 2 0
rest 2
Measure Number: 14
C6 24 1 1
D6 69 1 0
D6 114 1 1
E6 159 1 0
F6 205 1 0
E6 250 1 0
D6 295 1 1
D6 340 1 0
C6 385 1 1
C6 430 1 0
B5 475 1 0
B5 521 1 -1
A5 566 1 0
G5 611 1 1
B5 656 1 0
A5 701 1 0
E5 24 1 0
A5 24 1 0
A5 205 1 0
C6 205 1 0
E5 385 1 0
A5 385 1 0
C5 566 1 0
E5 566 1 0
A1 24 2 0
A2 24 2 0
rest 2
E3 205 2 0
A3 205 2 0
C4 205 2 0
rest 2
A3 385 2 0
C4 385 2 0
E4 385 2 0
rest 2
rest 4
Measure Number: 15
B5 74 1 -1
B5 118 1 0
C6 162 1 0
C6 206 1 1
D6 250 1 0
D6 294 1 1
E6 338 1 0
F6 382 1 0
E6 426 1 0
F6 470 1 0
F6 514 1 1
G6 558 1 0
G6 602 1 1
A6 646 1 0
A6 690 1 1
B6 734 1 0
D5 74 1 0
F5 74 1 0
F5 250 1 0
B5 250 1 -1
G5 438 1 1
D6 438 1 0
D6 602 1 0
D2 74 2 0
D3 74 2 0
rest 2
D3 250 2 0
F3 250 2 0
B3 250 2 -1
D4 250 2 0
rest 2
E2 426 2 0
E3 426 2 0
rest 2
E3 602 2 0
B3 602 2 0
D4 602 2 0
rest 2
Measure Number: 16
A6 21 1 0
G6 65 1 1
G6 108 1 0
F6 152 1 1
F6 195 1 0
E6 239 1 0
E6 282 1 -1
D6 326 1 0
C6 369 1 1
C6 413 1 0
B5 456 1 0
B5 500 1 -1
A5 543 1 0
G5 587 1 1
G5 630 1 0
F5 674 1 1
C6 21 1 0
F6 21 1 0
A5 195 1 0
C6 195 1 0
E5 369 1 0
A5 369 1 0
C5 543 1 0
E5 543 1 0
F2 21 2 0
F3 21 2 0
rest 2
A3 195 2 0
C4 195 2 0
F4 195 2 0
rest 2
C2 369 2 0
C3 369 2 0
rest 2
E3 543 2 0
A3 543 2 0
E4 543 2 0
rest 2
Measure Number: 17
F5 75 1 0
E5 118 1 0
E5 162 1 -1
D5 205 1 0
C5 249 1 1
D5 292 1 0
F5 335 1 0
D5 379 1 0
B4 422 1 0
C5 472 1 0
E5 516 1 0
C5 559 1 0
A4 603 1 1
B4 646 1 0
E5 690 1 0
B4 733 1 0
B4 75 1 -1
D5 75 1 0
F4 260 1 0
B4 260 1 -1
E4 434 1 0
A4 434 1 0
D4 615 1 0
G4 615 1 1
D2 75 2 0
rest 2
D3 249 4 0
F3 249 4 0
B3 249 4 -1
D4 249 4 0
E3 422 4 0
A3 422 4 0
C4 422 4 0
E3 603 4 0
Measure Number: 18
A4 18 1 0
A4 61 1 1
B4 105 1 0
C5 149 1 0
C5 193 1 1
D5 237 1 0
D5 280 1 1
E5 324 1 0
A5 368 1 0
G5 412 1 1
G5 456 1 0
F5 499 1 1
F5 543 1 0
E5 587 1 0
E5 631 1 -1
D5 675 1 0
C4 18 1 0
E4 18 1 0
E4 193 1 0
G4 193 1 1
A4 368 1 0
C5 368 1 0
A2 18 4 0
A3 18 4 0
E2 193 4 0
E3 193 4 0
A1 368 4 0
A2 368 4 0
rest 4
Measure Number: 19
D5 81 1 -1
C5 124 1 0
B4 166 1 0
C5 209 1 0
C5 252 1 1
D5 302 1 0
D5 345 1 1
E5 387 1 0
F5 430 1 0
F5 473 1 1
G5 515 1 0
G5 558 1 1
A5 601 1 0
E5 643 1 0
F5 686 1 0
D5 729 1 0
E4 81 1 0
B4 81 1 -1
E4 263 1 0
B4 263 1 -1
A4 430 1 0
C5 601 1 0
C2 81 2 0
C3 81 2 0
rest 2
C3 252 2 0
G3 252 2 0
C4 252 2 0
rest 2
F2 430 2 0
rest 2
C3 601 2 0
A3 601 2 0
C4 601 2 0
rest 2
Measure Number: 20
D5 29 1 -1
C5 72 1 0
B4 115 1 0
C5 158 1 0
C5 201 1 1
D5 251 1 0
D5 294 1 1
E5 337 1 0
F5 380 1 0
F5 423 1 1
G5 466 1 0
A5 509 1 -1
G5 552 1 0
F5 595 1 1
F5 638 1 0
E5 681 1 0
B4 29 1 -1
E4 213 1 0
B4 213 1 -1
F4 380 1 0
A4 380 1 -1
B4 552 1 0
C2 29 2 0
rest 2
C3 201 2 0
G3 201 2 0
C4 201 2 0
rest 2
D2 380 2 -1
rest 2
D3 552 2 -1
A3 540 2 -1
B3 552 2 0
rest 2
Measure Number: 21
E5 71 1 -1
D5 112 1 0
C5 154 1 1
D5 196 1 0
E5 237 1 -1
E5 279 1 0
F5 321 1 0
F5 363 1 1
G5 404 1 0
G5 446 1 1
A5 488 1 0
B5 530 1 -1
A5 571 1 0
F5 613 1 1
G5 655 1 0
E5 696 1 -1
C5 71 1 0
F4 237 1 1
C5 237 1 0
B4 404 1 -1
D5 571 1 0
D2 71 2 0
rest 2
D3 237 2 0
A3 237 2 0
C4 237 2 0
rest 2
G2 404 2 0
rest 2
D3 571 2 0
G3 571 2 0
B3 571 2 -1
rest 2
Measure Number: 22
D5 16 1 0
E5 68 1 -1
C5 114 1 1
D5 159 1 0
E5 205 1 -1
E5 251 1 0
F5 297 1 0
F5 343 1 1
G5 389 1 0
G5 435 1 1
A5 481 1 0
B5 527 1 -1
A5 573 1 0
G5 619 1 1
G5 665 1 0
F5 711 1 1
C5 28 1 0
F4 205 1 1
C5 205 1 0
G4 389 1 0
B4 389 1 -1
C5 573 1 1
D2 16 2 0
rest 2
D3 205 2 0
A3 205 2 0
C4 205 2 0
rest 2
E2 389 2 -1
rest 2
E3 573 2 -1
B3 561 2 -1
C4 573 2 1
rest 2
Measure Number: 23
F5 69 1 0
E5 113 1 0
D5 157 1 1
E5 200 1 0
F5 244 1 0
F5 288 1 1
G5 332 1 0
G5 375 1 1
A5 419 1 0
A5 463 1 1
B5 506 1 0
C6 550 1 0
B5 594 1 0
B5 638 1 -1
A5 681 1 0
G5 725 1 1
D5 69 1 0
G4 244 1 1
D5 244 1 0
C5 419 1 0
E5 594 1 0
E2 69 2 0
rest 2
E3 244 2 0
B3 244 2 0
D4 244 2 0
rest 2
A2 419 2 0
rest 2
E3 594 2 0
A3 594 2 0
C4 594 2 0
E4 594 2 0
rest 2
Measure Number: 24
G5 18 1 0
F5 62 1 1
F5 106 1 0
E5 150 1 0
F5 195 1 0
F5 239 1 1
G5 283 1 0
G5 327 1 1
A5 372 1 0
A5 416 1 1
B5 460 1 0
C6 505 1 0
C6 549 1 1
D6 593 1 0
D6 637 1 1
E6 682 1 0
D5 18 1 0
G4 195 1 1
D5 195 1 0
C5 372 1 0
E5 549 1 0
A5 549 1 0
E2 18 2 0
rest 2
E3 195 2 0
B3 195 2 0
D4 195 2 0
rest 2
A2 372 4 0
A3 372 4 0
G2 549 4 0
G3 549 4 0
Measure Number: 25
F6 63 1 0
E6 107 1 0
E6 150 1 -1
D6 193 1 0
C6 236 1 1
C6 279 1 0
B5 322 1 0
B5 365 1 -1
A5 409 1 0
G5 452 1 1
G5 495 1 1
F5 538 1 1
F5 581 1 0
E5 624 1 0
D5 667 1 1
E5 711 1 0
A5 63 1 0
F5 236 1 0
A5 236 1 0
D5 409 1 0
F5 409 1 0
G4 581 1 1
D5 581 1 0
F2 63 4 0
F3 63 4 0
B2 236 8 0
B3 236 8 0
E3 581 4 0
E4 581 4 0
Measure Number: 26
E6 22 1 -1
D6 67 1 0
C6 112 1 1
C6 157 1 0
B5 202 1 0
B5 247 1 -1
A5 292 1 0
G5 337 1 1
G5 382 1 0
F5 427 1 1
F5 472 1 0
E5 517 1 0
E5 561 1 -1
D5 606 1 0
C5 651 1 1
D5 696 1 0
G5 22 1 0
E5 202 1 -1
G5 202 1 0
C5 382 1 0
E5 382 1 -1
F4 561 1 1
C5 561 1 0
E2 22 4 -1
E3 22 4 -1
A2 202 8 0
A3 202 8 0
D3 561 4 0
D4 561 4 0
Measure Number: 27
D6 74 1 0
C6 119 1 1
C6 164 1 0
B5 209 1 0
B5 254 1 -1
A5 299 1 0
A5 343 1 -1
G5 388 1 0
F5 433 1 1
G5 478 1 0
G5 523 1 1
A5 568 1 0
B5 613 1 -1
B5 658 1 0
C6 703 1 0
B5 748 1 0
G5 74 1 0
B5 74 1 -1
C5 254 1 1
G5 254 1 0
A4 433 1 0
D5 433 1 0
C5 613 1 0
F5 613 1 0
G2 74 4 0
G3 74 4 0
E3 254 4 -1
E4 254 4 -1
D3 433 2 0
D4 433 2 0
rest 2
A2 613 4 0
A3 613 4 0
Measure Number: 28
D6 16 1 0
C6 59 1 0
B5 102 1 -1
A5 144 1 0
A5 187 1 -1
G5 230 1 0
F5 273 1 1
F5 315 1 0
E5 358 1 0
F5 401 1 0
F5 444 1 1
G5 487 1 0
G5 531 1 1
A5 574 1 0
B5 617 1 -1
A5 660 1 0
F5 16 1 0
A5 16 1 0
B4 187 1 0
F5 187 1 0
G4 358 1 0
C5 358 1 0
B4 531 1 -1
E5 531 1 -1
F2 16 2 0
F3 16 2 0
rest 2
D3 187 4 -1
D4 187 4 -1
C3 358 2 0
C4 358 2 0
rest 2
G2 531 4 0
G3 531 4 0
Measure Number: 29
C6 80 1 0
B5 112 1 -1
A5 139 1 0
A5 172 1 -1
G5 200 1 0
F5 229 1 1
F5 256 1 0
E5 283 1 0
E5 311 1 -1
D5 338 1 0
D5 366 1 -1
C5 393 1 0
B4 426 1 -1
A4 453 1 0
G4 482 1 1
G4 509 1 0
E5 80 1 -1
G5 80 1 0
B4 200 1 -1
E5 200 1 -1
G4 311 1 0
B4 311 1 -1
C4 426 1 1
G4 426 1 0
E2 80 2 -1
E3 80 2 -1
rest 2
E3 200 8 -1
E4 200 8 -1
E2 426 4 -1
E3 426 4 -1
Measure Number: 30
F4 20 1 1
G4 47 1 0
G4 77 1 1
A4 104 1 0
B4 146 1 -1
A4 173 1 0
G4 202 1 1
G4 229 1 0
F4 256 1 1
G4 283 1 0
G4 313 1 1
A4 340 1 0
B4 366 1 -1
A4 393 1 0
G4 423 1 1
G4 450 1 0
A3 20 1 0
D4 20 1 0
C4 146 1 1
G4 146 1 0
A3 256 1 0
D4 256 1 0
C4 366 1 1
G4 366 1 0
D2 20 2 0
D3 20 2 0
rest 2
E2 146 4 -1
A2 146 4 0
D2 256 2 0
D3 256 2 0
rest 2
E2 366 4 -1
A2 366 4 0
Measure Number: 31
F4 20 1 1
G4 48 1 0
G4 77 1 1
A4 104 1 0
C5 133 1 0
B4 161 1 0
B4 188 1 -1
A4 215 1 0
G4 245 1 1
A4 272 1 0
A4 302 1 1
B4 329 1 0
C5 367 1 0
B4 395 1 0
B4 422 1 -1
A4 449 1 0
A3 20 1 0
D4 20 1 0
D4 133 1 1
B3 245 1 0
E4 245 1 0
D4 367 1 1
A4 367 1 0
D2 20 2 0
D3 20 2 0
rest 2
F2 133 4 0
B2 133 4 0
E2 245 2 0
E3 245 2 0
rest 2
F2 367 4 0
B2 367 4 0
Measure Number: 32
G4 74 2 1
rest 2
E6 169 1 0
F6 199 1 0
D6 230 1 0
E6 260 1 0
C6 290 1 0
D6 319 1 0
B5 349 1 0
C6 379 1 0
A5 408 1 0
B5 438 1 0
G5 467 1 0
A5 497 1 0
B3 74 2 0
E4 74 2 0
G5 169 1 1
B5 169 1 0
E5 290 1 0
A5 290 1 0
C5 408 1 0
E5 408 1 0
E2 73 16 0
E3 73 16 0
Measure Number: 33
F5 17 1 0
G5 46 1 0
E5 75 1 0
F5 104 1 0
D6 133 1 0
E6 162 1 0
C6 191 1 0
D6 221 1 0
B5 250 1 0
C6 279 1 0
A5 308 1 0
B5 337 1 0
G5 368 1 1
A5 397 1 0
F5 426 1 0
G5 455 1 0
A4 17 1 0
C5 17 1 0
F5 133 1 0
A5 133 1 0
D5 250 1 0
F5 250 1 0
B4 368 1 0
D5 368 1 0
E2 16 16 0
E3 16 16 0
Measure Number: 34
E5 20 1 0
F5 49 1 0
D5 79 1 1
E5 107 1 0
C6 136 1 0
D6 167 1 0
B5 196 1 0
C6 224 1 0
A5 253 1 0
B5 282 1 0
G5 310 1 0
A5 339 1 0
F5 367 1 0
G5 396 1 0
E5 425 1 0
F5 453 1 0
G4 20 1 1
B4 20 1 0
E5 136 1 0
A5 136 1 0
C5 253 1 0
E5 253 1 0
A4 367 1 0
C5 367 1 0
E2 20 16 0
E3 20 16 0
Measure Number: 35
D5 62 1 0
E5 104 1 0
C5 145 1 0
D5 187 1 0
B4 229 1 0
C5 271 1 0
A4 313 1 0
B4 354 1 0
G4 396 1 1
F4 438 1 0
D4 480 1 1
E4 522 1 0
F4 563 1 0
F4 605 1 1
G4 647 1 0
G4 689 1 1
F4 62 1 0
A4 62 1 0
D4 229 1 0
F4 229 1 0
B3 396 1 0
D4 396 1 0
E2 61 16 0
E3 61 16 0
Measure Number: 36
A4 16 1 0
A4 63 1 1
B4 110 1 0
C5 156 1 0
C5 203 1 1
D5 250 1 0
D5 297 1 1
E5 343 1 0
F5 390 1 0
F5 437 1 1
G5 484 1 0
G5 530 1 1
A5 577 1 0
A5 624 1 1
B5 671 1 0
C6 717 1 0
C4 16 1 0
E4 16 1 0
E4 203 1 0
A4 203 1 0
A4 390 1 0
D5 390 1 0
D5 577 1 0
F5 577 1 0
A2 16 2 0
rest 2
E3 203 2 0
A3 203 2 0
C4 203 2 0
rest 2
A2 390 2 0
rest 2
F3 577 2 0
A3 577 2 0
D4 577 2 0
rest 2
Measure Number: 37
C6 76 1 1
D6 121 1 0
D6 166 1 1
E6 211 1 0
F6 256 1 0
E6 301 1 0
D6 346 1 1
D6 392 1 0
C6 437 1 1
C6 482 1 0
B5 527 1 0
B5 572 1 -1
A5 617 1 0
G5 662 1 1
B5 707 1 0
A5 753 1 0
E5 76 1 0
A5 76 1 0
A5 256 1 0
C6 256 1 0
E5 437 1 0
A5 437 1 0
C5 617 1 0
E5 617 1 0
A2 76 2 0
rest 2
E3 256 2 0
A3 256 2 0
C4 256 2 0
rest 2
A3 437 2 0
C4 437 2 0
E4 437 2 0
rest 2
rest 4
Measure Number: 38
G5 20 1 1
G5 62 1 0
F5 104 1 1
F5 146 1 0
E5 187 1 0
D5 229 1 1
F5 271 1 0
E5 313 1 0
D5 354 1 1
D5 405 1 0
C5 447 1 1
C5 488 1 0
B4 530 1 0
C5 572 1 0
D5 614 1 0
C5 655 1 0
B4 20 1 0
E5 20 1 0
G4 187 1 1
B4 187 1 0
A4 366 1 0
C5 366 1 0
E4 542 1 0
A4 542 1 0
E2 20 2 0
rest 2
E3 187 2 0
B3 187 2 0
D4 187 2 0
rest 2
A2 354 2 0
rest 2
E3 530 2 0
A3 530 2 0
C4 530 2 0
rest 2
Measure Number: 39
B4 72 1 0
C5 112 1 0
B4 152 1 0
C5 191 1 0
B4 231 1 0
C5 271 1 0
B4 310 1 0
C5 350 1 0
B4 390 1 0
E5 429 1 0
D5 469 1 1
D5 509 1 0
C5 548 1 1
C5 588 1 0
B4 628 1 0
B4 667 1 -1
E4 72 1 0
G4 72 1 1
D4 243 1 1
A4 243 1 0
E4 390 1 0
G4 390 1 1
D4 548 1 0
G4 548 1 1
E3 72 2 0
B3 72 2 0
rest 2
F3 231 4 0
B3 231 4 0
E3 390 2 0
B3 390 2 0
rest 2
rest 4
Measure Number: 40
A4 16 1 0
A4 64 1 1
B4 112 1 0
C5 161 1 0
C5 209 1 1
D5 257 1 0
D5 305 1 1
E5 354 1 0
F5 402 1 0
F5 450 1 1
G5 498 1 0
G5 547 1 1
A5 595 1 0
A5 643 1 1
B5 691 1 0
C6 740 1 0
C4 16 1 0
E4 16 1 0
E4 209 1 0
A4 209 1 0
A4 402 1 0
D5 402 1 0
D5 595 1 0
F5 595 1 0
A2 16 2 0
rest 2
E3 209 2 0
A3 209 2 0
C4 209 2 0
rest 2
A2 402 2 0
rest 2
F3 595 2 0
A3 595 2 0
D4 595 2 0
rest 2
Measure Number: 41
C6 76 1 1
D6 119 1 0
D6 163 1 1
E6 207 1 0
F6 251 1 0
E6 295 1 0
D6 339 1 1
D6 382 1 0
C6 426 1 1
C6 470 1 0
B5 514 1 0
B5 558 1 -1
A5 602 1 0
G5 645 1 1
B5 689 1 0
A5 733 1 0
E5 76 1 0
A5 76 1 0
A5 251 1 0
C6 251 1 0
E5 426 1 0
A5 426 1 0
C5 602 1 0
E5 602 1 0
A1 76 2 0
A2 76 2 0
rest 2
E3 251 2 0
A3 251 2 0
C4 251 2 0
rest 2
A3 426 2 0
C4 426 2 0
E4 426 2 0
rest 2
rest 4
Measure Number: 42
B5 22 1 -1
B5 66 1 0
C6 109 1 0
C6 153 1 1
D6 196 1 0
D6 240 1 1
E6 283 1 0
F6 327 1 0
E6 370 1 0
F6 414 1 0
F6 457 1 1
G6 501 1 0
G6 544 1 1
A6 588 1 0
A6 631 1 1
B6 674 1 0
D5 22 1 0
F5 22 1 0
F5 196 1 0
B5 196 1 -1
G5 382 1 1
D6 382 1 0
D6 544 1 0
D2 22 2 0
D3 22 2 0
rest 2
D3 196 2 0
F3 196 2 0
B3 196 2 -1
D4 196 2 0
rest 2
E2 370 2 0
E3 370 2 0
rest 2
E3 544 2 0
B3 544 2 0
D4 544 2 0
rest 2
Measure Number: 43
A6 73 1 0
G6 117 1 1
G6 162 1 0
F6 206 1 1
F6 251 1 0
E6 295 1 0
E6 340 1 -1
D6 384 1 0
C6 429 1 1
C6 473 1 0
B5 518 1 0
B5 562 1 -1
A5 607 1 0
G5 651 1 1
G5 696 1 0
F5 740 1 1
C6 73 1 0
A5 251 1 0
C6 251 1 0
E5 429 1 0
A5 429 1 0
C5 607 1 0
E5 607 1 0
F2 73 2 0
F3 73 2 0
rest 2
A3 251 2 0
C4 251 2 0
F4 251 2 0
rest 2
C2 429 2 0
C3 429 2 0
rest 2
E3 607 2 0
A3 607 2 0
E4 607 2 0
rest 2
Measure Number: 44
F5 23 1 0
E5 66 1 0
E5 108 1 -1
D5 151 1 0
C5 193 1 1
D5 235 1 0
F5 278 1 0
D5 320 1 0
B4 363 1 0
C5 413 1 0
E5 456 1 0
C5 498 1 0
A4 540 1 1
B4 583 1 0
E5 625 1 0
B4 668 1 0
B4 23 1 -1
D5 23 1 0
F4 205 1 0
B4 205 1 -1
E4 375 1 0
A4 375 1 0
D4 552 1 0
G4 552 1 1
D2 23 2 0
D3 23 2 0
rest 2
D3 193 4 0
F3 193 4 0
B3 193 4 -1
D4 193 4 0
E3 363 4 0
A3 363 4 0
C4 363 4 0
E3 540 4 0
B3 540 4 0
Measure Number: 45
A4 69 1 0
A4 112 1 1
B4 155 1 0
C5 197 1 0
C5 240 1 1
D5 282 1 0
D5 325 1 1
E5 368 1 0
F5 410 1 0
F5 453 1 1
G5 496 1 0
G5 538 1 1
A5 581 1 0
A5 624 1 1
B5 666 1 0
C6 709 1 0
C4 69 1 0
D4 240 1 0
A4 240 1 0
A4 410 1 0
D5 410 1 0
D5 569 1 0
E5 581 1 0
A2 69 2 0
A3 69 2 0
rest 2
F2 240 8 0
F3 240 8 0
E2 581 4 0
E3 581 4 0
Measure Number: 46
A5 21 1 0
A5 66 1 1
B5 111 1 0
C6 156 1 0
C6 202 1 1
D6 247 1 0
D6 292 1 1
E6 337 1 0
F6 382 1 0
F6 427 1 1
G6 472 1 0
G6 517 1 1
A6 563 1 0
A6 608 1 1
B6 653 1 0
C7 698 1 0
C5 21 1 0
E5 21 1 0
D5 202 1 0
A5 202 1 0
A5 382 1 0
D6 382 1 0
D6 551 1 0
E6 563 1 0
A1 21 2 0
A2 21 2 0
rest 2
F1 202 8 0
F2 202 8 0
E1 563 4 0
E2 563 4 0
Measure Number: 47
A6 63 1 0
G6 109 1 1
G6 154 1 0
F6 200 1 1
F6 245 1 0
E6 291 1 0
E6 336 1 -1
D6 382 1 0
C6 428 1 1
C6 473 1 0
B5 519 1 0
B5 564 1 -1
A5 610 1 0
G5 655 1 1
G5 701 1 0
F5 746 1 1
C6 63 1 0
E6 63 1 0
A5 245 1 0
D6 245 1 0
F5 428 1 0
A5 428 1 0
D5 610 1 0
F5 610 1 0
A1 62 16 0
A2 62 16 0
Measure Number: 48
F5 18 1 0
E5 55 1 0
E5 93 1 -1
D5 131 1 0
C5 169 1 1
C5 207 1 0
B4 245 1 0
B4 283 1 -1
A4 321 1 0
G4 359 1 1
G4 397 1 0
F4 435 1 1
F4 473 1 0
E4 511 1 0
E4 549 1 -1
D4 586 1 0
A4 18 1 0
D5 18 1 0
F4 169 1 0
A4 169 1 0
D4 321 1 0
F4 321 1 0
A3 473 1 0
D4 473 1 0
A1 17 16 0
A2 17 16 0
Measure Number: 49
C4 30 16 1
E3 30 16 0
A3 30 16 0
A1 30 16 0
A2 30 16 0
