Measure Number: 1
B4 144 48 0
D5 144 48 0
F5 132 48 0
G5 144 48 0
B5 144 48 0
rest 48
rest 12
A4 183 6 -1
G4 207 6 0
F4 232 6 0
D4 256 6 0
E4 281 6 -1
D4 306 6 0
B3 333 6 0
G3 358 6 0
A3 382 6 -1
G3 407 6 0
F3 431 6 0
D3 456 6 0
E3 480 6 -1
D3 505 6 0
Measure Number: 2
rest 48
rest 24
A4 346 18 -1
E5 334 18 -1
F5 346 18 0
A5 346 18 -1
G4 428 6 0
G5 428 6 0
B2 18 6 0
G2 45 6 0
A2 72 6 -1
G2 100 6 0
F2 127 6 0
D2 154 6 0
E2 182 6 -1
D2 209 6 0
C2 236 6 0
G1 264 6 0
C2 291 6 0
G1 318 6 0
C2 346 6 0
G1 373 6 0
C2 400 6 0
G1 428 6 0
Measure Number: 3
D5 21 48 0
F5 9 48 0
G5 21 48 0
D6 21 48 0
rest 48
B1 21 12 0
A4 62 6 -1
G4 87 6 0
F4 113 6 0
D4 138 6 0
E4 164 6 -1
D4 190 6 0
B3 217 6 0
G3 243 6 0
A3 268 6 -1
G3 294 6 0
F3 320 6 0
D3 345 6 0
E3 371 6 -1
D3 396 6 0
Measure Number: 4
rest 48
rest 24
A4 447 18 -1
E5 435 18 -1
F5 447 18 0
A5 447 18 -1
G4 532 6 0
G5 532 6 0
B2 108 6 0
G2 137 6 0
A2 165 6 -1
G2 193 6 0
F2 221 6 0
D2 249 6 0
E2 278 6 -1
D2 306 6 0
C2 334 6 0
G1 362 6 0
C2 391 6 0
G1 419 6 0
C2 447 6 0
G1 475 6 0
C2 503 6 0
G1 532 6 0
Measure Number: 5
F5 9 12 0
G5 21 12 0
D6 21 12 0
F6 21 12 0
A6 83 6 -1
G6 113 6 0
F6 142 6 0
D6 172 6 0
E6 201 6 -1
D6 231 6 0
B5 262 6 0
G5 292 6 0
A5 322 6 -1
G5 351 6 0
F5 381 6 0
D5 411 6 0
E5 440 6 -1
D5 470 6 0
B1 21 12 0
A5 83 6 -1
G5 113 6 0
F5 142 6 0
D5 172 6 0
E5 201 6 -1
D5 231 6 0
B4 262 6 0
G4 292 6 0
A4 322 6 -1
G4 351 6 0
F4 381 6 0
D4 411 6 0
E4 440 6 -1
D4 470 6 0
Measure Number: 6
B4 18 6 0
G4 42 6 0
A4 67 6 -1
G4 91 6 0
F4 116 6 0
D4 140 6 0
E4 165 6 -1
D4 189 6 0
B3 216 6 0
G3 240 6 0
A3 265 6 -1
G3 290 6 0
F3 314 6 0
D3 339 6 0
E3 363 6 -1
D3 388 6 0
B3 18 6 0
G3 42 6 0
A3 67 6 -1
G3 91 6 0
F3 116 6 0
D3 140 6 0
E3 165 6 -1
D3 189 6 0
B2 216 6 0
G2 240 6 0
A2 265 6 -1
G2 290 6 0
F2 314 6 0
D2 339 6 0
E2 363 6 -1
D2 388 6 0
Measure Number: 7
C3 102 6 0
B2 134 6 0
G3 163 6 0
F3 193 6 0
E3 222 6 -1
D3 251 6 0
E3 281 6 -1
D3 310 6 0
C3 339 6 0
B2 369 6 0
B3 398 6 -1
A3 427 6 -1
G3 457 6 0
F3 486 6 0
G3 516 6 0
F3 545 6 0
C2 102 6 0
B1 134 6 0
G2 163 6 0
F2 193 6 0
E2 222 6 -1
D2 251 6 0
E2 281 6 -1
D2 310 6 0
C2 339 6 0
B1 369 6 0
B2 398 6 -1
A2 427 6 -1
G2 457 6 0
F2 486 6 0
G2 516 6 0
F2 545 6 0
Measure Number: 8
E3 16 6 -1
D3 44 6 0
E4 73 6 -1
D4 101 6 0
C4 129 6 0
B3 157 6 0
C4 186 6 0
B3 214 6 0
A3 242 6 -1
G3 270 6 0
A3 299 6 -1
G3 327 6 0
F3 355 6 0
E3 383 6 -1
F3 412 6 0
E3 440 6 -1
E2 16 6 -1
D2 44 6 0
E3 73 6 -1
D3 101 6 0
C3 129 6 0
B2 157 6 0
C3 186 6 0
B2 214 6 0
A2 242 6 -1
G2 270 6 0
A2 299 6 -1
G2 327 6 0
F2 355 6 0
E2 383 6 -1
F2 412 6 0
E2 440 6 -1
Measure Number: 9
C3 16 12 0
rest 12
rest 24
rest 48
C2 16 6 0
G2 43 6 0
C3 70 6 0
D3 97 6 0
E3 124 6 -1
G3 151 6 0
C4 178 6 0
D4 205 6 0
E4 233 6 -1
D4 260 6 0
C4 287 6 0
G3 314 6 0
E3 341 6 -1
D3 368 6 0
C3 395 6 0
G2 422 6 0
Measure Number: 10
rest 48
rest 12
rest 6
C5 408 6 0
C6 408 6 0
D5 436 18 0
D6 436 18 0
E5 519 6 -1
E6 519 6 -1
C2 102 6 0
G2 130 6 0
C3 158 6 0
D3 186 6 0
E3 213 6 -1
D3 241 6 0
C3 269 6 0
G2 297 6 0
C2 325 6 0
G2 352 6 0
C3 380 6 0
D3 408 6 0
E3 436 6 -1
D3 463 6 0
C3 491 6 0
G2 519 6 0
Measure Number: 11
E5 16 48 -1
E6 16 48 -1
rest 12
rest 6
G4 339 6 0
C5 339 6 0
E5 339 6 -1
G5 339 6 0
G4 368 18 0
C5 368 18 0
E5 368 18 -1
G5 368 18 0
G4 456 6 0
C5 456 6 0
E5 456 6 -1
G5 456 6 0
C2 16 6 0
G2 45 6 0
C3 75 6 0
D3 104 6 0
E3 133 6 -1
G3 163 6 0
C4 192 6 0
D4 221 6 0
E4 251 6 -1
D4 280 6 0
C4 309 6 0
G3 339 6 0
E3 368 6 -1
D3 397 6 0
C3 427 6 0
G2 456 6 0
Measure Number: 12
A4 16 48 -1
C5 16 48 0
E5 16 48 -1
A5 16 48 -1
G4 238 12 0
C5 238 12 0
E5 238 12 -1
G5 238 12 0
rest 6
C5 321 6 0
C6 321 6 0
D5 349 18 0
D6 349 18 0
E5 432 6 -1
E6 432 6 -1
C2 16 6 0
G2 44 6 0
C3 72 6 0
D3 99 6 0
E3 127 6 -1
D3 155 6 0
C3 183 6 0
G2 210 6 0
C2 238 6 0
G2 266 6 0
C3 294 6 0
D3 321 6 0
E3 349 6 -1
D3 377 6 0
C3 405 6 0
G2 432 6 0
Measure Number: 13
E5 102 48 -1
E6 102 48 -1
rest 12
rest 6
G4 396 6 0
C5 396 6 0
E5 396 6 -1
G5 396 6 0
G4 423 18 0
C5 423 18 0
E5 423 18 -1
G5 423 18 0
G4 503 6 0
C5 503 6 0
E5 503 6 -1
G5 503 6 0
C2 102 6 0
G2 129 6 0
C3 156 6 0
D3 183 6 0
E3 209 6 -1
G3 236 6 0
C4 263 6 0
D4 289 6 0
E4 316 6 -1
D4 343 6 0
C4 370 6 0
G3 396 6 0
E3 423 6 -1
D3 450 6 0
C3 476 6 0
G2 503 6 0
Measure Number: 14
A4 22 96 0
C5 22 96 0
E5 22 96 -1
A5 22 96 0
C2 23 6 0
F2 54 6 1
C3 80 6 0
D3 106 6 0
E3 131 6 -1
D3 157 6 0
C3 183 6 0
F2 209 6 1
C2 235 6 0
F2 261 6 1
C3 287 6 0
D3 313 6 0
E3 339 6 -1
D3 365 6 0
C3 391 6 0
F2 416 6 1
Measure Number: 15
D5 21 12 0
A5 21 12 0
D6 21 12 0
rest 12
G4 145 24 0
D5 145 24 0
G5 145 24 0
rest 12
rest 6
G4 362 6 0
D5 362 6 -1
G5 362 6 0
A4 393 18 -1
D5 393 18 -1
A5 393 18 -1
G4 486 6 0
D5 486 6 -1
G5 486 6 0
B1 21 6 0
B2 52 6 0
D3 83 6 0
G3 114 6 0
D4 145 6 0
G3 176 6 0
D3 207 6 0
B2 238 6 0
B1 269 6 -1
B2 300 6 -1
D3 331 6 -1
G3 362 6 0
D4 393 6 -1
G3 424 6 0
D3 455 6 -1
B2 486 6 -1
Measure Number: 16
G4 102 12 0
C5 102 12 0
G5 102 12 0
C5 156 6 0
C6 156 6 0
rest 6
F4 209 24 0
C5 209 24 0
F5 209 24 0
rest 12
rest 6
F4 401 6 0
C5 401 6 0
F5 401 6 0
G4 428 18 0
C5 428 18 0
G5 428 18 0
F4 508 6 0
C5 508 6 0
F5 508 6 0
A1 102 6 0
A2 129 6 0
C3 156 6 0
F3 182 6 0
C4 209 6 0
F3 236 6 0
C3 262 6 0
A2 289 6 0
A1 320 6 -1
A2 348 6 -1
C3 375 6 0
F3 401 6 0
C4 428 6 0
F3 454 6 0
C3 481 6 0
A2 508 6 -1
Measure Number: 17
E4 18 72 0
C5 18 72 0
E5 18 72 0
E4 379 18 0
C5 379 18 0
E5 379 18 0
E4 469 6 -1
E5 469 6 -1
G1 18 6 0
G2 48 6 0
C3 78 6 0
B2 108 6 0
D3 138 6 -1
C3 168 6 0
D3 198 6 0
C3 228 6 1
E3 259 6 -1
D3 289 6 0
E3 319 6 0
D3 349 6 1
F3 379 6 0
E3 409 6 0
G3 439 6 -1
F3 469 6 0
Measure Number: 18
B4 22 48 0
rest 48
E4 18 24 -1
E5 18 24 -1
D4 129 24 0
D5 129 24 0
rest 48
G3 18 6 0
F3 47 6 1
A3 74 6 -1
G3 102 6 0
B3 129 6 -1
A3 157 6 -1
G3 184 6 0
F3 211 6 0
E3 238 6 -1
D3 266 6 0
C3 293 6 0
B2 320 6 0
A2 347 6 -1
G2 375 6 0
F2 402 6 0
D2 429 6 0
Measure Number: 19
rest 96
C2 102 6 0
G2 131 6 0
C3 160 6 0
D3 189 6 0
E3 218 6 -1
G3 246 6 0
C4 275 6 0
D4 304 6 0
E4 333 6 -1
D4 361 6 0
C4 390 6 0
G3 419 6 0
E3 448 6 -1
D3 477 6 0
C3 505 6 0
G2 534 6 0
Measure Number: 20
rest 48
rest 12
rest 6
C5 315 6 0
C6 315 6 0
D5 343 18 0
D6 343 18 0
E5 424 6 -1
E6 424 6 -1
C2 16 6 0
G2 43 6 0
C3 70 6 0
D3 98 6 0
E3 125 6 -1
D3 152 6 0
C3 179 6 0
G2 206 6 0
C2 234 6 0
G2 261 6 0
C3 288 6 0
D3 315 6 0
E3 343 6 -1
D3 370 6 0
C3 397 6 0
G2 424 6 0
Measure Number: 21
E5 16 48 -1
E6 16 48 -1
rest 12
rest 6
G4 333 6 0
C5 333 6 0
E5 333 6 -1
G5 333 6 0
G4 362 18 0
C5 362 18 0
E5 362 18 -1
G5 362 18 0
G4 449 6 0
C5 449 6 0
E5 449 6 -1
G5 449 6 0
C2 16 6 0
G2 45 6 0
C3 74 6 0
D3 103 6 0
E3 131 6 -1
G3 160 6 0
C4 189 6 0
D4 218 6 0
E4 247 6 -1
D4 276 6 0
C4 304 6 0
G3 333 6 0
E3 362 6 -1
D3 391 6 0
C3 420 6 0
G2 449 6 0
Measure Number: 22
A4 102 48 -1
C5 102 48 0
E5 102 48 -1
A5 102 48 -1
G4 321 12 0
C5 321 12 0
E5 321 12 -1
G5 321 12 0
rest 6
C5 402 6 0
C6 402 6 0
D5 430 18 0
D6 430 18 0
E5 512 6 -1
E6 512 6 -1
C2 102 6 0
G2 130 6 0
C3 157 6 0
D3 184 6 0
E3 212 6 -1
D3 239 6 0
C3 266 6 0
G2 293 6 0
C2 321 6 0
G2 348 6 0
C3 375 6 0
D3 402 6 0
E3 430 6 -1
D3 457 6 0
C3 484 6 0
G2 512 6 0
Measure Number: 23
E5 16 48 -1
E6 16 48 -1
rest 12
rest 6
G4 334 6 0
C5 334 6 0
E5 334 6 -1
G5 334 6 0
G4 363 18 0
C5 363 18 0
E5 363 18 -1
G5 363 18 0
G4 449 6 0
C5 449 6 0
E5 449 6 -1
G5 449 6 0
C2 16 6 0
G2 45 6 0
C3 74 6 0
D3 103 6 0
E3 132 6 -1
G3 160 6 0
C4 189 6 0
D4 218 6 0
E4 247 6 -1
D4 276 6 0
C4 305 6 0
G3 334 6 0
E3 363 6 -1
D3 392 6 0
C3 421 6 0
G2 449 6 0
Measure Number: 24
A4 33 96 0
E5 19 96 -1
F5 33 96 0
A5 33 96 0
C2 34 6 0
F2 62 6 0
C3 89 6 0
D3 117 6 0
E3 144 6 -1
D3 172 6 0
C3 199 6 0
F2 227 6 0
C2 254 6 0
F2 282 6 0
C3 309 6 0
D3 337 6 0
E3 364 6 -1
D3 392 6 0
C3 419 6 0
F2 447 6 0
Measure Number: 25
B4 102 36 -1
F5 102 36 0
B5 102 36 -1
B4 266 24 -1
F5 266 24 0
B5 266 24 -1
B4 374 24 -1
G5 374 24 0
B5 374 24 -1
B4 483 12 0
G5 483 12 0
B5 483 12 0
D2 102 6 0
B2 130 6 -1
C3 157 6 -1
B2 185 6 -1
B3 212 6 -1
B2 239 6 -1
C3 266 6 -1
B2 293 6 -1
D2 320 6 0
B2 347 6 -1
C3 374 6 -1
B2 402 6 -1
B3 429 6 -1
B2 456 6 -1
C3 483 6 -1
B2 510 6 -1
Measure Number: 26
B4 21 12 0
G5 21 12 0
B5 21 12 0
C5 77 24 0
G5 77 24 0
B5 65 24 -1
C6 77 24 0
C5 190 24 1
B5 178 24 -1
C6 190 24 1
D5 303 12 0
B5 303 12 -1
D6 303 12 0
E5 359 12 -1
B5 359 12 -1
E6 359 12 -1
E5 415 12 0
B5 415 12 -1
E6 415 12 0
E2 21 6 0
B2 49 6 -1
C3 77 6 0
B2 106 6 -1
B3 134 6 -1
B2 162 6 -1
C3 190 6 0
B2 218 6 -1
F2 246 6 0
B2 275 6 -1
B3 303 6 -1
B2 331 6 -1
G2 359 6 -1
B2 387 6 -1
B3 415 6 -1
B2 444 6 -1
Measure Number: 27
F5 18 48 0
B5 18 48 -1
D6 18 48 0
F6 18 48 0
D5 250 24 0
F5 250 24 0
B5 250 24 -1
D6 250 24 0
E5 354 24 -1
F5 366 24 0
A5 366 24 0
rest 72
D6 366 18 0
C6 454 6 0
F2 18 6 0
B2 47 6 -1
D3 76 6 0
F3 105 6 0
B3 134 6 -1
D4 163 6 0
G4 193 9 0
F4 228 3 0
F4 250 6 0
D4 279 6 0
B3 308 6 -1
G3 337 6 0
F3 366 6 0
E3 395 6 -1
C3 425 6 0
F2 454 6 0
Measure Number: 28
rest 96
D5 102 12 0
F5 102 12 0
B5 102 12 -1
rest 12
rest 24
rest 48
B1 102 6 -1
D3 143 6 -1
C3 184 6 0
C3 225 6 -1
B2 265 6 -1
C3 306 6 0
C3 347 6 -1
B2 387 6 -1
A2 428 6 0
C3 469 6 -1
B2 510 6 -1
A2 550 6 0
G2 591 6 1
B2 632 6 -1
A2 672 6 0
G2 713 6 1
Measure Number: 29
B4 45 72 0
D5 45 72 1
G5 45 72 1
B5 45 72 0
D4 563 18 1
G4 563 18 1
B4 563 18 0
D5 563 18 1
E4 696 6 1
E5 696 6 1
G1 45 12 1
F2 116 6 2
G2 161 6 1
B2 206 6 0
D3 250 6 1
A2 295 6 1
B2 339 6 0
D3 384 6 1
G3 429 6 1
C3 473 6 2
D3 518 6 1
G3 563 6 1
B3 607 6 0
F3 652 6 2
G3 696 6 1
Measure Number: 30
F4 135 72 1
A4 135 72 1
D5 135 72 1
F5 135 72 1
F4 647 18 1
F5 647 18 1
G4 775 6 1
G5 775 6 1
D2 135 6 1
D4 179 6 1
E3 222 6 1
F3 264 6 1
A3 307 6 1
D4 349 6 1
C3 392 6 2
D3 434 6 1
F3 477 6 1
A3 519 6 1
G2 562 6 2
A2 604 6 1
D3 647 6 1
F3 690 6 1
E2 732 6 1
F2 775 6 1
Measure Number: 31
A4 45 72 0
C5 45 72 1
F5 45 72 1
A5 45 72 0
C4 516 18 1
F4 516 18 1
A4 516 18 0
C5 516 18 1
D4 637 6 1
D5 637 6 1
F1 45 12 1
E2 110 6 1
F2 150 6 1
A2 191 6 0
C3 232 6 1
G2 272 6 1
A2 313 6 0
C3 353 6 1
F3 394 6 1
B2 434 6 1
C3 475 6 1
F3 516 6 1
A3 556 6 0
E3 597 6 1
F3 637 6 1
Measure Number: 32
E4 132 72 0
G4 132 72 1
C5 132 72 1
E5 132 72 0
E4 603 18 0
E5 603 18 0
F4 719 6 1
F5 719 6 1
C2 132 6 1
C4 176 6 1
D3 215 6 1
E3 254 6 0
G3 293 6 1
C4 331 6 1
B2 370 6 1
C3 409 6 1
E3 448 6 0
G3 486 6 1
F2 525 6 2
G2 564 6 1
C3 603 6 1
E3 641 6 0
D2 680 6 1
E2 719 6 0
Measure Number: 33
G4 56 72 1
D5 56 72 1
F5 44 72 1
G5 56 72 1
G4 567 18 1
D5 567 18 1
F5 555 18 1
G5 567 18 1
A4 695 6 1
A5 695 6 1
B1 56 6 1
D4 100 6 1
F3 143 6 2
G3 185 6 1
A3 228 6 0
G3 270 6 1
F3 313 6 1
E3 355 6 0
D3 398 6 1
C3 440 6 1
B2 482 6 1
A2 525 6 0
F2 567 6 2
G2 610 6 1
D2 652 6 1
G2 695 6 1
Measure Number: 34
C5 132 24 -1
F5 132 24 0
A5 132 24 -1
C6 132 24 -1
B4 263 48 -1
F5 263 48 0
A5 251 48 -1
B5 263 48 -1
B4 494 18 -1
F5 494 18 0
A5 482 18 -1
B5 494 18 -1
C5 580 6 0
C6 580 6 0
D2 132 6 0
F4 174 6 0
A3 203 6 0
B3 231 6 -1
C4 263 6 -1
B3 292 6 -1
A3 320 6 -1
G3 349 6 -1
F3 378 6 0
E3 407 6 -1
D3 436 6 0
C3 465 6 -1
A2 494 6 0
B2 522 6 -1
F2 551 6 0
B2 580 6 -1
Measure Number: 35
D5 22 24 -1
G5 22 24 0
B5 22 24 -1
D6 22 24 -1
C5 129 24 0
G5 129 24 0
B5 117 24 -1
C6 129 24 0
rest 48
E2 22 6 0
G4 49 6 0
B3 76 6 0
C4 97 6 0
D4 129 6 -1
C4 151 6 0
B3 180 6 -1
A3 201 6 -1
G3 221 6 0
F3 241 6 0
E3 268 6 0
G3 288 6 0
F3 309 6 0
E3 329 6 0
D3 357 6 -1
C3 377 6 0
Measure Number: 36
rest 96
B2 18 6 0
C3 45 6 0
D3 73 6 -1
C3 101 6 0
B2 129 6 -1
A2 157 6 -1
G2 185 6 0
F2 212 6 0
E2 242 6 0
D2 275 6 -1
C2 303 6 0
B1 334 6 0
C2 362 6 0
B1 395 6 -1
A1 423 6 -1
G1 450 6 0
Measure Number: 37
A5 102 48 -1
C6 102 48 0
F6 102 48 0
A6 102 48 -1
F5 322 24 0
C6 322 24 0
F6 322 24 0
C5 431 24 0
F5 431 24 0
C6 431 24 0
F1 102 6 0
C2 130 6 0
F2 157 6 0
G2 185 6 0
A2 212 6 -1
C3 239 6 0
F3 267 6 0
G3 294 6 0
A3 322 6 -1
C4 349 6 0
F4 376 6 0
G4 404 6 0
A4 431 6 -1
G4 459 6 0
F4 486 6 0
C4 513 6 0
Measure Number: 38
B4 22 48 -1
F5 22 48 0
B5 22 48 -1
A4 260 24 -1
F5 260 24 0
A5 260 24 -1
rest 24
D4 22 6 -1
F4 52 6 0
D4 81 6 -1
A3 111 6 -1
F3 140 6 0
D3 170 6 -1
A2 199 6 -1
F2 229 6 0
D2 260 6 -1
A1 290 6 -1
D2 319 6 -1
F2 349 6 0
D2 378 6 -1
A1 408 6 -1
D2 437 6 -1
F2 467 6 0
Measure Number: 39
A5 16 48 -1
C6 16 48 0
F6 16 48 0
A6 16 48 -1
F5 235 24 0
C6 235 24 0
F6 235 24 0
C5 345 24 0
F5 345 24 0
C6 345 24 0
F1 16 6 0
C2 43 6 0
F2 71 6 0
G2 98 6 0
A2 126 6 -1
C3 153 6 0
F3 180 6 0
G3 208 6 0
A3 235 6 -1
C4 263 6 0
F4 290 6 0
G4 317 6 0
A4 345 6 -1
G4 372 6 0
F4 400 6 0
C4 427 6 0
Measure Number: 40
C5 112 72 0
F5 112 72 0
C6 112 72 0
B4 458 18 0
F5 458 18 0
B5 458 18 0
C5 544 6 0
C6 544 6 0
D4 112 6 0
F4 141 6 0
D4 169 6 0
C4 198 6 0
A3 227 6 -1
F3 255 6 0
D3 284 6 0
C3 313 6 0
A2 341 6 -1
F2 370 6 0
D2 400 6 0
C2 429 6 0
A1 458 6 -1
C2 486 6 0
D2 515 6 0
A2 544 6 -1
Measure Number: 41
D5 21 48 0
F5 21 48 0
B5 21 48 0
D6 21 48 0
rest 48
G1 21 12 0
G2 21 12 0
A4 64 6 -1
G4 91 6 0
F4 118 6 0
D4 145 6 0
E4 172 6 -1
D4 199 6 0
B3 227 6 0
G3 254 6 0
A3 281 6 -1
G3 308 6 0
F3 335 6 0
D3 362 6 0
E3 389 6 -1
D3 416 6 0
Measure Number: 42
rest 48
rest 24
A4 361 18 -1
E5 349 18 -1
F5 361 18 0
A5 361 18 -1
G4 447 6 0
G5 447 6 0
B2 18 6 0
G2 46 6 0
A2 75 6 -1
G2 103 6 0
F2 132 6 0
D2 161 6 0
E2 189 6 -1
D2 218 6 0
C2 247 6 0
G1 275 6 0
C2 304 6 0
G1 333 6 0
C2 361 6 0
G1 390 6 0
C2 418 6 0
G1 447 6 0
Measure Number: 43
F5 99 48 0
G5 111 48 0
D6 111 48 0
F6 111 48 0
rest 48
B1 111 12 0
A4 153 6 -1
G4 179 6 0
F4 205 6 0
D4 231 6 0
E4 257 6 -1
D4 283 6 0
B3 311 6 0
G3 337 6 0
A3 363 6 -1
G3 389 6 0
F3 415 6 0
D3 441 6 0
E3 467 6 -1
D3 494 6 0
Measure Number: 44
rest 48
rest 24
A4 352 18 -1
E5 340 18 -1
F5 352 18 0
A5 352 18 -1
G4 435 6 0
G5 435 6 0
B2 18 6 0
G2 45 6 0
A2 73 6 -1
G2 101 6 0
F2 129 6 0
D2 157 6 0
E2 185 6 -1
D2 212 6 0
C2 240 6 0
G1 268 6 0
C2 296 6 0
G1 324 6 0
C2 352 6 0
G1 379 6 0
C2 407 6 0
G1 435 6 0
Measure Number: 45
F5 6 12 0
G5 18 12 0
D6 18 12 0
G6 18 12 0
A6 80 6 -1
G6 109 6 0
F6 138 6 0
D6 167 6 0
E6 196 6 -1
D6 225 6 0
B5 257 6 0
G5 286 6 0
A5 315 6 -1
G5 344 6 0
F5 373 6 0
D5 402 6 0
E5 432 6 -1
D5 461 6 0
B2 18 12 0
A5 80 6 -1
G5 109 6 0
F5 138 6 0
D5 167 6 0
E5 196 6 -1
D5 225 6 0
B4 257 6 0
G4 286 6 0
A4 315 6 -1
G4 344 6 0
F4 373 6 0
D4 402 6 0
E4 432 6 -1
D4 461 6 0
Measure Number: 46
B4 108 6 0
G4 135 6 0
A4 161 6 -1
G4 187 6 0
F4 214 6 0
D4 240 6 0
E4 266 6 -1
D4 293 6 0
B3 319 6 0
G3 346 6 0
A3 372 6 -1
G3 398 6 0
F3 425 6 0
D3 451 6 0
E3 478 6 -1
D3 504 6 0
B3 108 6 0
G3 135 6 0
A3 161 6 -1
G3 187 6 0
F3 214 6 0
D3 240 6 0
E3 266 6 -1
D3 293 6 0
B2 319 6 0
G2 346 6 0
A2 372 6 -1
G2 398 6 0
F2 425 6 0
D2 451 6 0
E2 478 6 -1
D2 504 6 0
Measure Number: 47
C3 16 6 0
B2 47 6 0
G3 77 6 0
F3 106 6 0
E3 136 6 -1
D3 165 6 0
E3 195 6 -1
D3 224 6 0
C3 254 6 0
B2 283 6 0
B3 313 6 -1
A3 343 6 -1
G3 372 6 0
F3 402 6 0
G3 431 6 0
F3 461 6 0
C2 16 6 0
B1 47 6 0
G2 77 6 0
F2 106 6 0
E2 136 6 -1
D2 165 6 0
E2 195 6 -1
D2 224 6 0
C2 254 6 0
B1 283 6 0
B2 313 6 -1
A2 343 6 -1
G2 372 6 0
F2 402 6 0
G2 431 6 0
F2 461 6 0
Measure Number: 48
E3 16 6 -1
D3 44 6 0
E4 73 6 -1
D4 101 6 0
C4 130 6 0
B3 158 6 0
C4 186 6 0
B3 215 6 0
A3 243 6 -1
G3 272 6 0
A3 300 6 -1
G3 328 6 0
F3 357 6 0
E3 385 6 -1
F3 414 6 0
E3 442 6 -1
E2 16 6 -1
D2 44 6 0
E3 73 6 -1
D3 101 6 0
C3 130 6 0
B2 158 6 0
C3 186 6 0
B2 215 6 0
A2 243 6 -1
G2 272 6 0
A2 300 6 -1
G2 328 6 0
F2 357 6 0
E2 385 6 -1
F2 414 6 0
E2 442 6 -1
Measure Number: 49
C3 102 12 0
rest 12
rest 24
rest 48
C2 102 6 0
G2 131 6 0
C3 159 6 0
D3 187 6 0
E3 216 6 -1
G3 244 6 0
C4 272 6 0
D4 301 6 0
E4 329 6 -1
D4 357 6 0
C4 385 6 0
G3 414 6 0
E3 442 6 -1
D3 470 6 0
C3 499 6 0
G2 527 6 0
Measure Number: 50
rest 48
rest 12
rest 6
C5 313 6 0
C6 313 6 0
C5 347 8 1
C6 347 8 1
D5 389 12 0
D6 389 12 0
E5 453 4 -1
E6 453 4 -1
C2 16 6 0
G2 43 6 0
C3 70 6 0
D3 97 6 0
E3 124 6 -1
D3 151 6 0
C3 178 6 0
G2 205 6 0
C2 232 6 0
G2 259 6 0
C3 286 6 0
D3 313 6 0
E3 347 6 -1
D3 374 6 0
C3 411 6 0
G2 438 6 0
Measure Number: 51
E5 16 48 -1
E6 16 48 -1
rest 12
rest 6
G4 318 6 0
C5 318 6 0
E5 318 6 -1
G5 318 6 0
G4 345 18 0
C5 345 18 0
E5 345 18 -1
G5 345 18 0
G4 428 6 0
C5 428 6 0
E5 428 6 -1
G5 428 6 0
C2 16 6 0
G2 43 6 0
C3 71 6 0
D3 98 6 0
E3 126 6 -1
G3 153 6 0
C4 181 6 0
D4 208 6 0
E4 236 6 -1
D4 263 6 0
C4 291 6 0
G3 318 6 0
E3 345 6 -1
D3 373 6 0
C3 400 6 0
G2 428 6 0
Measure Number: 52
A4 102 48 -1
C5 102 48 0
E5 102 48 -1
A5 102 48 -1
G4 320 8 0
C5 320 8 0
E5 320 8 -1
G5 320 8 0
B4 362 8 0
B5 362 8 0
C5 406 8 0
C6 406 8 0
C5 449 8 1
C6 449 8 1
D5 492 8 0
D6 492 8 0
rest 4
E5 566 4 -1
E6 566 4 -1
C2 102 6 0
G2 130 6 0
C3 157 6 0
D3 184 6 0
E3 211 6 -1
D3 238 6 0
C3 265 6 0
G2 292 6 0
C2 320 6 0
G2 347 6 0
C3 384 6 0
D3 422 6 0
E3 449 6 -1
D3 477 6 0
C3 514 6 0
G2 551 6 0
Measure Number: 53
E5 16 48 -1
E6 16 48 -1
rest 12
rest 6
G4 313 6 0
C5 313 6 0
E5 313 6 -1
G5 313 6 0
G4 340 18 0
C5 340 18 0
E5 340 18 -1
G5 340 18 0
G4 421 6 0
C5 421 6 0
E5 421 6 -1
G5 421 6 0
C2 16 6 0
G2 43 6 0
C3 70 6 0
D3 97 6 0
E3 124 6 -1
G3 151 6 0
C4 178 6 0
D4 205 6 0
E4 232 6 -1
D4 259 6 0
C4 286 6 0
G3 313 6 0
E3 340 6 -1
D3 367 6 0
C3 394 6 0
G2 421 6 0
Measure Number: 54
A4 22 96 0
C5 22 96 0
E5 22 96 -1
A5 22 96 0
C2 23 6 0
F2 54 6 1
C3 80 6 0
D3 106 6 0
E3 132 6 -1
D3 159 6 0
C3 185 6 0
F2 211 6 1
C2 237 6 0
F2 264 6 1
C3 290 6 0
D3 316 6 0
E3 342 6 -1
D3 369 6 0
C3 395 6 0
F2 421 6 1
Measure Number: 55
A4 112 12 0
D5 112 12 0
A5 112 12 0
D6 112 12 0
rest 12
G4 215 24 0
D5 215 24 0
G5 215 24 0
rest 8
G4 365 8 0
D5 365 8 -1
G5 365 8 0
G4 407 8 0
D5 407 8 -1
G5 407 8 0
G4 454 8 0
D5 454 8 -1
G5 454 8 0
A4 494 8 -1
D5 494 8 -1
A5 494 8 -1
rest 4
G4 566 4 0
D5 566 4 -1
G5 566 4 0
B1 112 6 0
B2 138 6 0
D3 164 6 0
G3 189 6 0
D4 215 6 0
G3 240 6 0
D3 266 6 0
B2 291 6 0
B1 323 6 -1
B2 350 6 -1
D3 386 6 -1
G3 422 6 0
D4 454 6 -1
G3 479 6 0
D3 515 6 -1
B2 551 6 -1
Measure Number: 56
G4 21 6 0
C5 21 6 0
G5 21 6 0
C5 48 6 0
C6 48 6 0
rest 12
F4 118 24 0
C5 118 24 0
F5 118 24 0
rest 8
F4 262 8 0
C5 262 8 0
F5 262 8 0
F4 301 8 0
C5 301 8 0
F5 301 8 0
E4 339 6 0
C5 339 6 0
E5 339 6 0
F4 362 6 0
C5 362 6 0
F5 362 6 0
G4 386 6 0
C5 386 6 0
G5 386 6 0
rest 3
F4 427 3 0
C5 427 3 0
F5 427 3 0
A1 21 6 0
A2 48 6 0
C3 71 6 0
F3 94 6 0
C4 118 6 0
F3 141 6 0
C3 165 6 0
A2 188 6 0
A1 219 6 -1
A2 247 6 -1
C3 281 6 0
F3 316 6 0
C4 339 6 0
F3 362 6 0
C3 386 6 0
A2 409 6 -1
Measure Number: 57
E4 18 24 0
C5 18 24 0
E5 18 24 0
E4 121 48 -1
E5 121 48 -1
E4 337 18 -1
E5 337 18 -1
E4 416 6 -1
E5 416 6 -1
rest 24
C5 138 72 0
G1 18 6 0
G2 43 6 0
C3 69 6 0
B2 95 6 0
D3 123 6 -1
C3 148 6 0
D3 175 6 0
C3 204 6 1
E3 230 6 -1
D3 256 6 0
E3 282 6 0
D3 312 6 1
F3 337 6 0
E3 363 6 0
G3 390 6 -1
F3 416 6 0
Measure Number: 58
B4 112 48 0
rest 48
E4 108 24 -1
E5 108 24 -1
D4 222 24 0
D5 222 24 0
rest 48
G3 108 6 0
F3 138 6 1
A3 166 6 -1
G3 194 6 0
B3 222 6 -1
A3 250 6 -1
G3 279 6 0
F3 307 6 0
E3 335 6 -1
D3 363 6 0
C3 391 6 0
B2 419 6 0
A2 447 6 -1
G2 476 6 0
F2 504 6 0
D2 532 6 0
Measure Number: 59
rest 96
C2 16 6 0
G2 42 6 0
C3 68 6 0
D3 95 6 0
E3 121 6 -1
G3 147 6 0
C4 173 6 0
D4 199 6 0
E4 225 6 -1
D4 252 6 0
C4 278 6 0
G3 304 6 0
E3 330 6 -1
D3 356 6 0
C3 383 6 0
G2 409 6 0
Measure Number: 60
rest 48
rest 8
B4 268 8 0
B5 268 8 0
C5 311 8 0
C6 311 8 0
C5 353 8 1
C6 353 8 1
D5 395 8 0
D6 395 8 0
rest 4
E5 468 4 -1
E6 468 4 -1
C2 16 6 0
G2 42 6 0
C3 69 6 0
D3 95 6 0
E3 121 6 -1
D3 148 6 0
C3 174 6 0
G2 200 6 0
C2 226 6 0
G2 253 6 0
C3 289 6 0
D3 327 6 0
E3 353 6 -1
D3 380 6 0
C3 416 6 0
G2 453 6 0
Measure Number: 61
E5 102 48 -1
E6 102 48 -1
rest 12
rest 6
G4 402 6 0
C5 402 6 0
E5 402 6 -1
G5 402 6 0
G4 429 18 0
C5 429 18 0
E5 429 18 -1
G5 429 18 0
G4 510 6 0
C5 510 6 0
E5 510 6 -1
G5 510 6 0
C2 102 6 0
G2 130 6 0
C3 157 6 0
D3 184 6 0
E3 211 6 -1
G3 238 6 0
C4 266 6 0
D4 293 6 0
E4 320 6 -1
D4 347 6 0
C4 374 6 0
G3 402 6 0
E3 429 6 -1
D3 456 6 0
C3 483 6 0
G2 510 6 0
Measure Number: 62
A4 16 48 -1
C5 16 48 0
E5 16 48 -1
A5 16 48 -1
G4 238 8 0
C5 238 8 0
E5 238 8 -1
G5 238 8 0
B4 281 8 0
B5 281 8 0
C5 326 8 0
C6 326 8 0
C5 370 6 1
C6 370 6 1
D5 398 6 0
D6 398 6 0
F5 426 6 0
F6 426 6 0
rest 3
E5 474 3 -1
E6 474 3 -1
C2 16 6 0
G2 44 6 0
C3 71 6 0
D3 99 6 0
E3 127 6 -1
D3 155 6 0
C3 182 6 0
G2 210 6 0
C2 238 6 0
G2 266 6 0
C3 303 6 0
D3 342 6 0
E3 370 6 -1
D3 398 6 0
C3 426 6 0
G2 453 6 0
Measure Number: 63
E5 16 48 -1
E6 16 48 -1
rest 12
rest 6
G4 315 6 0
C5 315 6 0
E5 315 6 -1
G5 315 6 0
G4 342 18 0
C5 342 18 0
E5 342 18 -1
G5 342 18 0
G4 424 6 0
C5 424 6 0
E5 424 6 -1
G5 424 6 0
C2 16 6 0
G2 43 6 0
C3 70 6 0
D3 98 6 0
E3 125 6 -1
G3 152 6 0
C4 179 6 0
D4 206 6 0
E4 234 6 -1
D4 261 6 0
C4 288 6 0
G3 315 6 0
E3 342 6 -1
D3 369 6 0
C3 397 6 0
G2 424 6 0
Measure Number: 64
A4 112 96 0
E5 112 96 -1
A5 112 96 0
C2 113 6 0
F2 144 6 1
C3 169 6 0
D3 195 6 0
E3 221 6 -1
D3 247 6 0
C3 273 6 0
F2 299 6 1
C2 325 6 0
F2 351 6 1
C3 377 6 0
D3 403 6 0
E3 428 6 -1
D3 454 6 0
C3 480 6 0
F2 506 6 1
Measure Number: 65
B4 22 48 -1
D5 22 48 -1
B5 22 48 -1
A4 225 24 -1
B4 237 24 -1
D5 237 24 -1
A5 237 24 -1
G4 344 18 -1
B4 344 18 -1
D5 344 18 -1
G5 344 18 -1
F4 423 6 0
B4 423 6 -1
D5 423 6 -1
F5 423 6 0
D2 22 6 -1
D3 50 6 -1
G3 78 6 -1
A3 105 6 -1
B3 131 6 -1
A3 158 6 -1
G3 184 6 -1
D3 211 6 -1
D2 237 6 -1
D3 264 6 -1
G3 291 6 -1
A3 317 6 -1
B3 344 6 -1
A3 370 6 -1
G3 397 6 -1
D3 423 6 -1
Measure Number: 66
F4 22 48 0
B4 22 48 -1
D5 22 48 -1
F5 22 48 0
E4 265 24 0
B4 265 24 -1
E5 265 24 0
rest 24
D2 22 6 -1
D3 53 6 -1
G3 83 6 0
B3 113 6 -1
D4 144 6 -1
C4 175 6 0
B3 205 6 -1
A3 235 6 -1
G3 265 6 0
F3 295 6 0
E3 326 6 0
D3 356 6 -1
C3 386 6 0
B2 416 6 -1
A2 447 6 -1
G2 477 6 0
Measure Number: 67
A4 123 48 -1
C5 123 48 -1
F5 123 48 -1
A5 123 48 -1
G4 328 24 -1
A4 340 24 -1
C5 340 24 -1
G5 340 24 -1
F4 447 18 -1
A4 447 18 -1
C5 447 18 -1
F5 447 18 -1
E4 527 6 -1
A4 527 6 -1
C5 527 6 -1
E5 527 6 -1
C2 123 6 -1
C3 151 6 -1
F3 179 6 -1
G3 207 6 -1
A3 234 6 -1
G3 260 6 -1
F3 287 6 -1
C3 314 6 -1
C2 340 6 -1
C3 367 6 -1
F3 394 6 -1
G3 420 6 -1
A3 447 6 -1
G3 474 6 -1
F3 500 6 -1
C3 527 6 -1
Measure Number: 68
E4 22 48 -1
A4 22 48 -1
C5 22 48 -1
E5 22 48 -1
D4 264 24 0
A4 264 24 -1
D5 264 24 0
rest 24
C2 22 6 -1
C3 52 6 -1
F3 83 6 0
A3 113 6 -1
C4 144 6 -1
B3 174 6 -1
A3 204 6 -1
G3 234 6 -1
F3 264 6 0
E3 294 6 -1
D3 325 6 0
C3 355 6 -1
B2 385 6 -1
A2 415 6 -1
G2 445 6 -1
F2 475 6 0
Measure Number: 69
G4 19 96 0
E5 19 96 -1
G5 19 96 0
B1 19 6 -1
B2 45 6 -1
E3 71 6 -1
F3 96 6 0
G3 123 6 0
F3 148 6 0
E3 174 6 -1
B2 199 6 -1
B1 225 6 -1
B2 250 6 -1
E3 276 6 -1
F3 301 6 0
G3 328 6 0
F3 353 6 0
E3 379 6 -1
B2 404 6 -1
Measure Number: 70
G5 103 48 0
G5 319 36 0
F5 481 12 0
G4 102 48 0
G4 319 48 0
D5 102 96 0
B1 102 6 0
B2 130 6 0
D3 157 6 0
G3 184 6 0
D4 211 6 0
G3 238 6 0
D3 265 6 0
B2 292 6 0
B1 319 6 0
B2 346 6 0
D3 373 6 0
G3 400 6 0
D4 427 6 0
G3 454 6 0
D3 481 6 0
B2 508 6 0
Measure Number: 71
F5 16 48 0
E5 238 48 -1
G4 15 96 0
C5 15 96 0
C2 16 6 0
G2 44 6 0
C3 72 6 0
D3 99 6 0
E3 127 6 -1
G3 155 6 0
C4 183 6 0
D4 210 6 0
E4 238 6 -1
D4 266 6 0
C4 294 6 0
G3 322 6 0
E3 349 6 -1
D3 377 6 0
C3 405 6 0
G2 433 6 0
Measure Number: 72
E5 16 12 -1
F5 78 6 0
E5 108 6 -1
D5 138 18 -1
E5 228 6 -1
F5 257 24 0
A4 377 24 -1
F4 15 96 0
A4 15 96 -1
F1 16 6 0
D2 49 6 -1
F2 78 6 0
G2 108 6 0
A2 138 6 -1
D3 168 6 -1
F3 198 6 0
G3 228 6 0
A3 257 6 -1
G3 287 6 0
F3 317 6 0
D3 347 6 -1
A2 377 6 -1
F2 406 6 0
D2 436 6 -1
A1 466 6 -1
Measure Number: 73
E4 102 96 -1
C5 102 96 0
G1 102 12 0
E2 151 6 0
D2 185 6 1
F2 216 6 0
E2 246 6 0
G2 276 6 -1
F2 307 6 0
G2 337 6 0
F2 367 6 1
A2 398 6 -1
G2 428 6 0
A2 459 6 0
G2 489 6 1
B2 519 6 -1
A2 550 6 0
Measure Number: 74
E4 18 96 -1
C5 18 96 0
C3 19 6 -1
B2 49 6 -1
C3 78 6 0
B2 108 6 0
D3 138 6 -1
C3 167 6 0
D3 197 6 0
C3 227 6 1
E3 256 6 -1
D3 286 6 0
E3 316 6 0
D3 346 6 1
F3 375 6 0
E3 405 6 0
G3 435 6 -1
F3 464 6 0
Measure Number: 75
C5 18 36 0
B4 171 12 0
D5 222 24 0
rest 24
D4 18 72 0
F4 18 72 0
rest 24
G3 18 6 0
F3 47 6 1
A3 71 6 -1
G3 95 6 0
B3 123 6 -1
A3 147 6 -1
G3 171 6 0
F3 198 6 0
E3 222 6 -1
D3 246 6 0
F3 270 6 0
E3 294 6 -1
G3 318 6 0
F3 342 6 0
E3 366 6 -1
D3 390 6 0
Measure Number: 76
rest 96
C3 99 6 0
B2 127 6 0
D3 156 6 0
C3 184 6 0
B2 213 6 0
A2 241 6 -1
G2 270 6 0
F2 299 6 1
G2 328 6 0
A2 356 6 -1
F2 385 6 0
G2 413 6 0
E2 442 6 -1
F2 470 6 0
D2 498 6 0
E2 527 6 -1
Measure Number: 77
C5 15 96 0
C4 16 12 0
rest 12
rest 24
rest 48
C2 16 12 0
D4 64 6 -1
C4 93 6 0
B3 123 6 -1
G3 153 6 0
A3 183 6 -1
G3 213 6 0
E3 242 6 0
C3 272 6 0
D3 302 6 -1
C3 332 6 0
B2 361 6 -1
G2 391 6 0
A2 421 6 -1
G2 451 6 0
Measure Number: 78
C5 14 48 0
D5 235 48 0
F4 13 96 0
A4 13 96 -1
F2 14 6 0
C2 42 6 0
F2 70 6 0
C2 97 6 0
F2 125 6 0
C2 152 6 0
F2 180 6 0
C2 208 6 0
F2 235 6 0
C2 263 6 0
F2 291 6 0
C2 318 6 0
F2 346 6 0
C2 373 6 0
F2 401 6 0
C2 429 6 0
Measure Number: 79
E4 108 96 0
G4 108 96 0
E5 108 96 0
C3 109 12 0
D4 178 6 -1
C4 222 6 0
B3 265 6 -1
G3 308 6 0
A3 351 6 -1
G3 394 6 0
E3 437 6 0
C3 481 6 0
D3 524 6 -1
C3 567 6 0
B2 610 6 -1
G2 653 6 0
A2 697 6 -1
G2 740 6 0
Measure Number: 80
C5 13 72 0
B4 542 24 0
D5 542 24 0
C4 32 96 0
A4 32 96 -1
G4 15 48 0
F4 372 48 0
F2 33 6 0
C2 75 6 0
F2 117 6 0
C2 160 6 0
F2 202 6 0
C2 245 6 0
F2 287 6 0
C2 330 6 0
F2 372 6 0
C2 415 6 0
F2 457 6 0
C2 500 6 0
F2 542 6 0
C2 584 6 0
F2 627 6 0
C2 669 6 0
Measure Number: 81
E4 108 12 0
G4 108 12 0
C5 108 12 0
E5 108 12 0
A6 173 6 -1
G6 208 6 0
E6 242 6 0
C6 277 6 0
D6 311 6 -1
C6 345 6 0
B5 380 6 -1
G5 414 6 0
A5 449 6 -1
G5 483 6 0
E5 517 6 0
C5 552 6 0
D5 586 6 -1
C5 620 6 0
C3 108 12 0
A5 173 6 -1
G5 208 6 0
E5 242 6 0
C5 277 6 0
D5 311 6 -1
C5 345 6 0
B4 380 6 -1
G4 414 6 0
A4 449 6 -1
G4 483 6 0
E4 517 6 0
C4 552 6 0
D4 586 6 -1
C4 620 6 0
Measure Number: 82
B4 13 6 -1
G4 41 6 0
A4 69 6 -1
G4 97 6 0
E4 125 6 0
C4 153 6 0
D4 182 6 -1
C4 210 6 0
B3 238 6 -1
G3 267 6 0
A3 295 6 -1
G3 323 6 0
E3 353 6 0
C3 381 6 0
D3 414 6 -1
C3 442 6 0
B3 13 6 -1
G3 41 6 0
A3 69 6 -1
G3 97 6 0
E3 125 6 0
C3 153 6 0
D3 182 6 -1
C3 210 6 0
B2 238 6 -1
G2 267 6 0
A2 295 6 -1
G2 323 6 0
E2 353 6 0
C2 381 6 0
D2 414 6 -1
C2 442 6 0
Measure Number: 83
C3 21 48 0
F3 21 48 0
A3 21 48 0
C4 21 48 0
C3 89 48 0
F3 89 48 0
A3 89 48 -1
C4 89 48 0
F1 21 48 0
F2 21 48 0
F1 89 48 0
F2 89 48 0
Measure Number: 84
C3 16 24 0
F3 16 24 0
G3 28 24 0
C4 16 24 0
C3 64 24 0
E3 64 24 0
G3 64 24 0
C4 64 24 0
rest 48
C1 16 24 0
C2 16 24 0
C1 64 24 0
C2 64 24 0
rest 48
