Measure Number: 0
rest 1920
G2 101 480 1
D3 142 720 1
C3 214 240 1
C3 245 480 1
B2 286 480 1
A3 328 720 0
G3 400 240 1
F3 430 120 2
G3 449 120 1
A3 468 120 0
G3 487 120 1
B3 507 120 0
A3 526 120 0
E3 545 120 0
E3 567 120 1
F3 589 120 1
E3 608 120 1
G3 627 120 1
F3 646 120 1
A3 665 120 0
G3 683 120 1
C3 702 120 1
D3 721 120 1
Measure Number: 1
rest 240
G4 98 240 1
C5 98 240 1
G4 140 240 1
C5 140 240 1
G4 182 240 1
C5 182 240 1
G4 224 240 1
C5 224 240 1
G4 266 240 1
C5 266 240 1
E3 37 0 0
E4 56 960 0
D4 224 360 1
C4 293 120 1
Measure Number: 2
E5 16 960 0
D5 235 360 1
C5 316 120 1
E4 16 240 0
A4 16 240 0
E4 63 240 0
A4 63 240 0
E4 110 240 0
A4 110 240 0
E4 157 240 0
A4 157 240 0
E4 235 240 0
A4 235 240 0
E4 282 240 0
A4 282 240 0
C4 16 840 1
D4 192 60 1
C4 214 60 1
B3 235 360 0
A3 316 120 0
Measure Number: 3
C5 111 480 1
B4 216 480 1
C5 348 480 1
D4 111 240 1
F4 111 240 1
D4 163 240 1
F4 163 240 1
D4 216 240 1
F4 216 240 1
D4 282 240 1
F4 282 240 1
D4 348 240 1
F4 348 240 1
D4 419 240 1
F4 419 240 1
A3 111 480 0
A3 216 120 0
G3 249 120 1
F3 282 120 2
G3 315 120 1
B3 348 120 0
A3 380 120 0
F3 419 120 1
D3 452 120 1
Measure Number: 4
D5 20 480 1
G4 123 720 1
G4 322 240 1
D4 20 240 1
F4 20 240 1
D4 72 240 1
F4 72 240 1
D4 145 240 1
F4 145 240 1
D4 182 240 1
F4 182 240 1
B3 258 240 1
F4 258 240 1
B3 334 240 1
F4 334 240 1
B2 20 480 1
rest 240
F2 182 120 2
G2 214 120 1
B2 239 0 0
A2 258 120 0
G2 290 120 1
C3 322 120 1
D3 354 120 1
Measure Number: 5
G4 13 480 1
C5 104 480 1
B4 196 480 0
rest 240
C4 58 240 1
C4 104 240 1
E4 104 240 0
C4 150 240 1
E4 150 240 0
C4 196 240 1
E4 196 240 0
C4 242 240 1
E4 242 240 0
E3 13 480 0
C2 104 480 1
G3 196 360 1
G3 270 120 1
Measure Number: 6
B4 16 480 0
A4 102 480 0
G4 217 480 1
C4 16 240 1
E4 16 240 0
C4 59 240 1
E4 59 240 0
C4 102 240 1
E4 102 240 0
C4 159 240 1
E4 159 240 0
C4 217 240 1
E4 217 240 0
C4 274 240 1
E4 274 240 0
G3 16 480 1
F2 102 160 1
C3 137 160 1
F3 181 160 1
G3 217 160 1
B3 252 160 0
A3 296 160 0
Measure Number: 7
G4 126 480 1
F4 211 480 1
F4 297 240 1
E4 374 240 0
C4 114 240 1
D4 126 240 1
C4 157 240 1
D4 169 240 1
A3 211 240 0
D4 211 240 1
G3 254 240 1
D4 254 240 1
G3 297 240 1
C4 297 240 1
G3 374 240 1
C4 374 240 1
A3 126 480 0
B2 211 480 1
C3 311 240 1
B2 374 60 1
C3 393 60 1
D3 413 60 1
E3 432 60 0
Measure Number: 8
E4 24 240 0
D4 72 240 1
G3 120 240 1
G4 120 240 1
G3 190 240 1
G4 190 240 1
D4 260 240 1
F4 260 240 1
G4 272 240 1
D4 339 240 1
F4 339 240 1
G4 351 240 1
G3 24 240 1
B3 24 240 1
G3 72 240 1
B3 72 240 1
G2 24 480 1
F2 120 120 2
G2 155 120 1
B2 190 120 1
D3 225 120 1
F3 260 120 2
G3 295 120 1
B3 320 0 0
A3 339 180 0
G3 382 60 1
Measure Number: 9
rest 240
G4 68 240 1
C5 68 240 1
G4 106 240 1
C5 106 240 1
G4 143 240 1
C5 143 240 1
G4 181 240 1
C5 181 240 1
G4 218 240 1
C5 218 240 1
C3 7 0 1
E4 31 960 0
D4 181 360 1
C4 242 120 1
Measure Number: 10
E5 16 960 0
D5 252 360 1
C5 330 120 1
E4 16 240 0
A4 16 240 0
E4 61 240 0
A4 61 240 0
E4 106 240 0
A4 106 240 0
E4 151 240 0
A4 151 240 0
E4 252 240 0
A4 252 240 0
E4 297 240 0
A4 297 240 0
C4 16 720 1
C4 151 60 1
B3 182 60 1
D4 202 60 1
C4 224 60 1
B3 252 360 0
A3 330 120 0
Measure Number: 11
C5 114 960 1
B4 427 480 0
D4 114 240 1
A4 114 240 0
D4 175 240 1
A4 175 240 0
D4 259 240 1
A4 259 240 0
D4 343 240 1
A4 343 240 0
A4 439 240 0
D4 511 240 1
F4 511 240 1
B1 114 240 0
F2 175 120 1
B2 217 120 0
D3 259 120 1
F3 301 120 1
A3 343 120 0
B3 385 120 0
D4 427 120 1
C4 469 120 1
C4 511 80 1
B3 542 80 0
A3 573 80 0
Measure Number: 12
B4 18 960 0
B4 288 360 0
B4 399 120 0
D4 18 240 0
F4 18 240 1
D4 85 240 0
F4 85 240 1
D4 153 240 0
F4 153 240 0
D4 221 240 0
F4 221 240 0
C4 288 240 1
E4 288 240 1
C4 356 240 1
E4 356 240 1
G3 18 720 1
G3 221 240 1
B3 269 0 0
A3 288 360 0
G3 399 120 1
Measure Number: 13
B4 24 480 0
A4 153 960 0
C4 24 240 1
F4 24 240 1
C4 88 240 1
F4 88 240 1
C4 153 240 1
F4 153 240 1
C4 217 240 1
F4 217 240 1
C4 298 240 1
F4 298 240 1
C4 378 240 1
F4 378 240 1
G3 24 480 1
F2 153 360 1
C3 257 120 1
F3 298 120 1
G3 338 120 1
A3 378 120 0
B3 418 120 0
Measure Number: 14
A4 123 1440 0
E4 112 240 0
F4 123 240 1
E4 186 240 0
F4 198 240 1
E4 261 240 0
F4 273 240 1
E4 336 240 0
F4 347 240 1
E4 410 240 0
F4 422 240 1
E4 470 240 0
F4 482 240 1
C4 123 120 0
G3 161 120 1
A3 198 120 0
B3 235 120 0
C4 273 120 0
A3 310 120 0
A3 347 120 1
B3 385 120 0
C4 422 480 0
Measure Number: 15
A4 24 1440 0
E4 13 240 0
F4 24 240 1
E4 90 240 0
F4 102 240 1
E4 168 240 0
F4 180 240 1
E4 246 240 0
F4 258 240 1
E4 324 240 0
F4 336 240 1
E4 402 240 0
F4 414 240 1
C4 24 120 0
B3 63 120 0
D4 102 120 0
C4 141 120 0
B3 180 120 0
G3 219 120 1
B3 258 120 0
A3 297 120 0
C4 336 120 0
A3 375 120 0
E3 414 120 0
C3 453 120 0
Measure Number: 16
C5 18 960 0
C5 320 360 0
C5 433 120 0
E4 6 240 0
F4 18 240 1
E4 82 240 0
F4 93 240 1
E4 169 240 0
A4 169 240 0
E4 244 240 0
A4 244 240 0
E4 308 240 0
F4 320 240 1
E4 384 240 0
F4 395 240 1
A3 18 120 0
G3 56 120 1
B3 93 120 0
A3 131 120 0
F3 169 120 1
E3 207 120 1
G3 244 120 0
F3 282 120 1
A3 320 120 0
F3 358 120 1
C3 395 120 0
A2 433 120 0
Measure Number: 17
C5 120 480 0
B4 237 480 0
rest 480
E4 120 240 0
G4 120 240 1
E4 179 240 0
G4 179 240 1
E4 237 240 0
G4 237 240 1
E4 284 240 0
G4 284 240 1
E4 331 240 0
G4 331 240 1
E4 378 240 0
G4 378 240 1
B2 120 120 0
E3 149 120 0
G3 179 120 1
E3 208 120 0
B3 237 720 0
G3 378 240 1
Measure Number: 18
rest 240
E4 85 240 0
G4 85 240 1
E4 149 240 0
G4 149 240 1
E4 197 240 0
G4 197 240 1
E4 245 240 0
G4 245 240 1
E4 314 240 0
G4 314 240 1
E4 16 120 0
B3 51 120 0
C4 85 180 1
G3 128 60 1
B3 149 480 0
C4 245 120 1
G3 279 120 1
B3 314 180 0
E3 356 60 0
Measure Number: 19
B4 16 960 0
B4 271 480 0
B3 16 240 0
E4 16 240 0
B3 73 240 0
E4 73 240 0
B3 129 240 0
E4 129 240 0
B3 200 240 0
E4 200 240 0
B3 283 240 0
D4 283 240 1
A4 283 240 0
B3 327 240 0
D4 327 240 1
A4 327 240 0
G3 16 480 1
G3 129 120 1
A2 165 120 1
C3 200 120 1
B2 235 120 0
F3 271 360 1
E3 363 120 0
Measure Number: 20
B3 16 240 0
E4 16 240 0
G4 16 240 1
B4 16 240 0
B3 62 240 0
E4 62 240 0
G4 62 240 1
E4 109 240 0
G4 109 240 1
B4 109 240 0
G4 155 240 1
B4 155 240 0
E5 155 240 0
B4 202 240 0
E5 202 240 0
G5 202 240 1
G4 248 240 1
B4 248 240 0
E5 248 240 0
E3 16 480 0
rest 480
rest 480
Measure Number: 21
C5 130 480 1
D5 219 240 1
D5 265 40 1
D5 282 40 1
E5 300 40 0
D5 317 40 1
C5 340 40 2
D5 357 40 1
F5 415 360 1
E5 493 120 0
F4 130 240 2
A4 130 240 1
F4 174 240 2
A4 174 240 1
F4 219 240 2
A4 219 240 1
F4 263 240 2
A4 263 240 1
F4 415 240 2
C5 415 240 1
F4 460 240 2
C5 460 240 1
E4 130 480 0
D4 219 480 1
A3 415 480 1
Measure Number: 22
D5 34 240 1
G5 87 480 1
F4 34 240 2
A4 34 240 1
G4 87 240 1
D5 87 240 1
G4 140 240 1
D5 140 240 1
G4 193 240 1
B4 193 240 0
D5 193 240 1
G4 310 240 1
B4 310 240 0
D5 310 240 1
G4 427 240 1
B4 427 240 0
D5 427 240 1
C4 34 480 1
B3 94 0 0
D4 109 0 1
C4 125 0 1
B3 140 240 0
F2 193 60 2
G2 222 60 1
A2 251 60 1
B2 279 60 0
C3 310 60 2
D3 338 60 1
F3 369 60 2
G3 397 60 1
A3 427 40 1
B3 447 40 0
C4 482 40 2
D4 504 40 1
E4 526 40 0
E4 560 40 1
Measure Number: 23
D5 34 480 1
E5 124 480 1
F5 271 480 1
G4 34 240 2
B4 34 240 1
G4 79 240 2
B4 79 240 1
G4 136 240 2
D5 136 240 1
G4 185 240 2
D5 185 240 1
G4 271 240 2
D5 271 240 1
G4 316 240 2
D5 316 240 1
F4 34 480 1
E4 124 180 1
F4 165 60 1
E4 185 80 1
D4 216 80 2
E4 242 80 1
B4 271 360 1
D4 349 120 1
Measure Number: 24
F5 140 240 1
E5 230 240 1
A5 319 480 1
G4 140 240 1
B4 140 240 0
G4 230 240 1
B4 230 240 0
G4 307 240 1
A4 319 240 1
E5 319 240 1
G4 396 240 1
A4 408 240 1
E5 408 240 1
G4 585 240 1
A4 597 240 1
E5 597 240 1
G4 810 240 1
A4 821 240 1
E5 821 240 1
D4 140 480 1
C4 256 0 2
E4 277 0 1
D4 288 0 1
C4 319 240 1
G2 408 60 2
A2 455 60 1
C3 503 60 1
C3 550 60 2
D3 597 60 2
E3 644 60 1
G3 692 60 2
A3 739 60 1
C4 821 40 1
C4 857 40 2
D4 892 40 2
E4 927 40 1
G4 962 40 2
A4 997 40 1
Measure Number: 25
E5 34 480 1
F5 178 480 1
F5 351 480 2
G4 34 240 1
C5 34 240 2
G4 95 240 1
C5 95 240 2
A4 178 240 0
D5 178 240 1
A4 240 240 0
D5 240 240 1
A4 351 240 0
D5 351 240 1
A4 413 240 0
D5 413 240 1
B4 34 420 0
B3 150 60 0
B3 178 480 0
A3 320 0 1
B3 335 0 0
B3 351 480 0
Measure Number: 26
G5 123 480 1
F5 615 960 1
A5 615 960 0
G4 123 240 1
E5 123 240 0
G4 367 240 1
E5 367 240 0
A4 615 240 0
D5 615 240 1
A4 823 240 0
D5 823 240 1
A4 1031 240 0
D5 1031 240 1
A4 1270 240 0
D5 1270 240 1
A3 123 34 1
B3 158 34 0
C4 193 34 1
B3 228 34 0
A3 262 34 0
G3 297 34 1
F3 332 34 2
G3 367 34 1
A3 402 34 0
G3 437 34 1
F3 476 34 1
E3 510 34 0
D3 545 34 1
C3 580 34 1
C3 615 60 0
B2 667 60 0
A2 719 60 1
B2 771 60 0
B2 823 60 -1
A2 875 60 0
G2 927 60 1
A2 979 60 0
A2 1031 40 -1
G2 1071 40 0
F2 1111 40 1
G2 1151 40 0
F2 1190 40 1
F2 1230 40 0
E2 1270 40 0
E2 1310 40 -1
D2 1350 40 0
D2 1389 40 -1
C2 1429 40 0
B1 1469 40 0
Measure Number: 27
B5 136 480 -1
E5 508 480 0
G5 508 480 0
B4 136 240 -1
E5 136 240 -1
G5 136 240 0
B4 328 240 -1
E5 328 240 -1
G4 508 240 0
B4 508 240 -1
G4 712 240 0
B4 712 240 -1
A4 868 240 -1
B4 880 240 -1
F5 880 240 0
D4 1069 240 0
A4 1057 240 -1
B4 1069 240 -1
B1 136 28 -1
A1 158 28 0
B1 176 28 -1
C2 201 28 0
D2 225 28 0
E2 251 28 -1
F2 272 28 0
G2 292 28 0
A2 313 28 -1
B2 343 28 -1
C3 363 28 0
D3 382 28 0
E3 403 28 -1
F3 423 28 0
G3 443 28 0
A3 463 28 -1
B3 484 28 -1
C4 508 24 0
D4 532 24 0
E4 556 24 -1
F4 581 24 0
G4 604 24 0
F4 622 24 0
E4 641 24 -1
D4 659 24 0
C4 677 24 0
B3 693 24 -1
A3 712 24 0
C4 728 24 0
B3 744 24 -1
A3 765 24 -1
G3 781 24 0
F3 797 24 0
E3 812 24 -1
D3 828 24 0
C3 844 24 0
B2 860 24 -1
A2 880 23 0
C3 900 23 -1
B2 916 23 -1
C3 936 23 0
B2 956 23 0
D3 971 23 0
C3 987 23 0
B2 1007 23 -1
A2 1023 23 0
C3 1038 23 0
B2 1054 23 -1
A2 1084 23 -1
G2 1099 23 0
F2 1115 23 0
E2 1130 23 -1
D2 1148 23 0
C2 1167 23 0
B1 1185 23 -1
A1 1210 23 -1
G1 1235 23 0
F1 1258 23 0
Measure Number: 28
E5 28 960 -1
D5 144 240 1
D5 172 240 1
E4 28 240 -1
G4 28 240 0
E4 57 240 -1
E4 85 240 -1
E4 114 240 -1
E1 28 480 -1
rest 480
D4 144 360 1
C4 192 120 1
Measure Number: 29
D5 111 960 1
D5 334 360 1
E5 406 120 0
rest 240
D4 166 240 1
F4 166 240 1
D4 222 240 1
F4 222 240 1
D4 278 240 1
F4 278 240 1
rest 240
F4 378 240 1
B4 378 240 0
B3 111 120 0
F3 139 120 1
B2 166 120 0
C3 194 120 1
D3 222 120 1
F2 250 120 1
B1 278 120 0
rest 120
D4 334 360 1
C4 406 120 1
Measure Number: 30
F5 13 960 1
F5 246 420 1
G5 333 60 1
rest 240
F4 71 240 1
B4 71 240 0
D5 71 240 1
F4 129 240 1
B4 129 240 0
D5 129 240 1
F4 187 240 1
B4 187 240 0
D5 187 240 1
F4 246 240 1
B4 246 240 0
D5 246 240 1
F4 286 240 1
B4 286 240 0
D5 286 240 1
B3 13 120 0
F3 42 120 1
B2 71 120 0
C3 100 120 1
D3 129 120 1
F2 158 120 1
B1 187 120 0
rest 120
D4 246 360 1
C4 315 120 1
Measure Number: 31
G5 13 960 1
F5 246 420 1
D5 333 60 1
F4 13 240 1
B4 13 240 0
D5 13 240 1
F4 71 240 1
B4 71 240 0
D5 71 240 1
F4 129 240 1
B4 129 240 0
D5 129 240 1
F4 187 240 1
B4 187 240 0
D5 187 240 1
F4 246 240 1
B4 246 240 0
F4 286 240 1
B4 286 240 0
B3 13 120 0
F3 42 120 1
B2 71 120 0
C3 100 120 1
D3 129 120 1
F2 158 120 1
B1 187 120 0
rest 120
D4 246 360 1
C4 315 120 1
Measure Number: 32
D5 13 720 1
C5 185 240 1
B4 242 360 0
C5 317 120 1
B4 13 240 0
E4 70 240 0
G4 70 240 0
B4 70 240 0
E4 127 240 0
G4 127 240 0
B4 127 240 0
E4 185 240 0
G4 185 240 0
E4 242 240 0
G4 242 240 0
E4 288 240 0
G4 288 240 0
B4 288 240 0
B3 13 120 0
G3 41 120 0
E3 70 120 0
F3 99 120 1
G3 127 120 0
B2 156 120 0
B1 185 120 0
rest 120
D4 242 360 1
C4 317 120 1
Measure Number: 33
B4 111 960 0
D5 111 960 1
D5 349 420 1
E5 438 60 0
rest 240
D4 170 240 1
F4 170 240 1
D4 230 240 1
F4 230 240 1
D4 289 240 1
F4 289 240 1
rest 240
F4 389 240 1
B4 389 240 0
B3 111 120 0
F3 140 120 1
B2 170 120 0
C3 200 120 1
D3 230 120 1
F2 259 120 1
B1 289 120 0
rest 120
D4 349 360 1
C4 419 120 1
Measure Number: 34
F5 13 960 1
F5 250 420 1
G5 340 60 1
F4 13 240 1
B4 13 240 0
F4 72 240 1
B4 72 240 0
D5 72 240 1
F4 131 240 1
B4 131 240 0
D5 131 240 1
F4 191 240 1
B4 191 240 0
D5 191 240 1
F4 250 240 1
B4 250 240 0
D5 250 240 1
F4 291 240 1
B4 291 240 0
D5 291 240 1
B3 13 120 0
F3 42 120 1
B2 72 120 0
C3 102 120 1
D3 131 120 1
F2 161 120 1
B1 191 120 0
rest 120
D4 250 360 1
C4 321 120 1
Measure Number: 35
A5 16 480 0
F4 16 240 1
B4 16 240 0
D5 16 240 1
F4 71 480 1
B4 71 480 0
D5 71 480 1
F4 181 480 1
B4 181 480 0
D5 181 480 1
F4 280 240 1
B4 280 240 0
D5 280 240 1
B3 16 120 0
F3 44 120 1
B2 71 120 0
C3 99 120 1
D3 126 120 1
F2 154 120 1
B1 181 120 0
rest 120
D4 236 360 1
C4 308 120 1
Measure Number: 36
F4 13 960 1
B4 13 960 0
D5 13 960 1
rest 240
F4 277 240 1
B4 277 240 0
D5 277 240 1
B3 13 120 0
F3 40 120 1
B2 68 120 0
C3 95 120 1
D3 123 120 1
F2 150 120 1
B1 178 120 0
rest 120
B3 233 360 0
A3 305 120 0
Measure Number: 37
E5 111 960 0
E5 270 420 0
D5 345 60 0
E4 111 240 0
B4 111 240 0
E4 151 240 0
B4 151 240 0
E4 190 240 0
B4 190 240 0
E4 230 240 0
B4 230 240 0
E4 270 240 0
B4 270 240 0
E4 310 240 0
B4 310 240 0
A3 111 480 0
G3 190 480 0
G3 270 480 1
F3 334 0 2
G3 349 0 1
Measure Number: 38
D5 18 360 0
C5 92 120 0
B4 121 480 0
D5 212 360 0
C5 286 120 0
E4 18 240 0
A4 18 240 0
E4 63 240 0
A4 63 240 0
E4 121 240 0
G4 121 240 1
E4 167 240 0
G4 167 240 1
E4 212 240 0
A4 212 240 0
E4 258 240 0
A4 258 240 0
A3 18 480 0
E3 121 480 0
A3 212 480 0
Measure Number: 39
B4 18 480 0
B4 110 240 0
A4 157 120 0
rest 120
rest 480
E4 18 240 0
G4 18 240 0
E4 64 240 0
G4 64 240 0
C4 110 480 0
F4 110 480 0
E3 18 480 0
F3 110 480 0
C3 215 360 0
B2 272 120 -1
Measure Number: 40
rest 1440
A2 13 120 0
C3 41 120 0
F3 69 120 0
C3 98 120 0
A3 126 480 0
rest 480
Measure Number: 41
rest 240
E4 60 240 0
G4 60 240 1
E4 107 240 0
G4 107 240 1
E4 145 240 0
G4 145 240 1
E4 183 240 0
G4 183 240 1
E4 221 240 0
G4 221 240 1
B2 13 120 0
E3 36 120 0
G3 60 120 1
E3 84 120 0
B3 107 720 0
G3 221 240 1
Measure Number: 42
rest 240
E4 173 240 0
G4 173 240 1
E4 231 240 0
G4 231 240 1
E4 274 240 0
G4 274 240 1
E4 317 240 0
G4 317 240 1
E4 379 240 0
G4 379 240 1
E4 111 120 0
B3 142 120 0
C4 173 180 1
G3 211 60 1
B3 231 480 0
C4 317 120 1
G3 348 120 1
B3 379 180 0
E3 417 60 0
Measure Number: 43
B4 16 960 0
B4 248 480 0
B3 16 240 0
E4 16 240 0
B3 68 240 0
E4 68 240 0
B3 119 240 0
E4 119 240 0
B3 184 240 0
E4 184 240 0
B3 260 240 0
D4 260 240 1
A4 260 240 0
B3 300 240 0
D4 300 240 1
A4 300 240 0
G3 16 480 1
G3 119 120 1
A2 152 120 1
C3 184 120 1
B2 216 120 0
F3 248 360 1
E3 332 120 0
Measure Number: 44
B4 16 960 0
B4 262 420 1
C5 372 60 1
B3 16 240 0
E4 16 240 0
G4 16 240 1
B3 66 240 0
E4 66 240 0
G4 66 240 1
B3 116 240 0
E4 116 240 0
G4 116 240 1
B3 189 240 0
E4 189 240 0
G4 189 240 1
B3 262 240 1
F4 250 240 1
G4 262 240 1
B3 312 240 1
F4 300 240 1
G4 312 240 1
E3 16 480 0
E3 116 120 0
F2 153 120 2
A2 189 120 0
G2 226 120 1
D3 262 360 1
C3 349 120 1
Measure Number: 45
rest 240
G4 79 240 1
C5 79 240 1
G4 119 240 1
C5 119 240 1
G4 159 240 1
C5 159 240 1
G4 199 240 1
C5 199 240 1
G4 240 240 1
C5 240 240 1
C2 7 0 1
C3 23 0 1
E4 39 960 0
D4 199 360 1
C4 265 120 1
Measure Number: 46
E5 111 960 0
D5 306 360 1
C5 377 120 1
E4 111 240 0
A4 111 240 0
E4 152 240 0
A4 152 240 0
E4 193 240 0
A4 193 240 0
E4 235 240 0
A4 235 240 0
E4 306 240 0
A4 306 240 0
E4 347 240 0
A4 347 240 0
C4 111 840 1
D4 265 60 1
C4 287 60 1
B3 306 360 0
A3 377 120 0
Measure Number: 47
C5 13 480 1
B4 121 480 1
C5 256 480 1
D4 13 240 1
F4 13 240 1
D4 67 240 1
F4 67 240 1
D4 121 240 1
F4 121 240 1
D4 188 240 1
F4 188 240 1
D4 256 240 1
F4 256 240 1
D4 329 240 1
F4 329 240 1
A3 13 480 0
A3 121 120 0
G3 154 120 1
F3 188 120 2
G3 222 120 1
B3 256 120 0
A3 290 120 0
F3 329 120 1
D3 362 120 1
Measure Number: 48
D5 20 480 1
G4 123 840 1
G4 368 120 1
D4 20 240 1
F4 20 240 1
D4 72 240 1
F4 72 240 1
D4 152 240 1
F4 152 240 1
D4 195 240 1
F4 195 240 1
B3 271 240 1
F4 271 240 1
B3 335 240 1
F4 335 240 1
B2 20 480 1
rest 240
F2 195 120 2
G2 227 120 1
B2 252 0 0
A2 271 120 0
G2 303 120 1
C3 335 120 1
D3 368 120 1
Measure Number: 49
G4 13 480 1
C5 102 480 1
B4 191 480 0
rest 240
C4 57 240 1
C4 102 240 1
E4 102 240 0
C4 146 240 1
E4 146 240 0
C4 191 240 1
E4 191 240 0
C4 236 240 1
E4 236 240 0
E3 13 480 0
C2 102 480 1
G3 191 360 1
G3 264 120 1
Measure Number: 50
B4 114 480 0
A4 187 480 0
G4 283 480 1
C4 114 240 1
E4 114 240 0
C4 150 240 1
E4 150 240 0
C4 187 240 1
E4 187 240 0
C4 235 240 1
E4 235 240 0
C4 283 240 1
E4 283 240 0
C4 332 240 1
E4 332 240 0
G3 114 480 1
F1 162 0 1
F2 187 160 1
C3 216 160 1
F3 254 160 1
G3 283 160 1
B3 313 160 0
A3 350 160 0
Measure Number: 51
G4 28 480 1
F4 110 480 1
F4 191 240 1
E4 262 240 0
C4 16 240 1
D4 28 240 1
C4 57 240 1
D4 69 240 1
A3 110 240 0
D4 110 240 1
G3 150 240 1
D4 150 240 1
G3 191 240 1
C4 191 240 1
G3 262 240 1
C4 262 240 1
A3 28 480 0
B2 110 480 1
C3 205 240 1
B2 262 60 1
C3 281 60 1
D3 299 60 1
E3 318 60 0
Measure Number: 52
E4 24 240 0
D4 67 240 1
G3 110 240 1
G4 110 240 1
G3 302 240 1
G4 302 240 1
G3 467 240 1
D4 467 240 1
F4 467 240 1
G4 479 240 1
D4 625 240 1
F4 625 240 1
G4 637 240 1
G3 24 240 1
B3 24 240 1
G3 67 240 1
B3 67 240 1
G2 24 480 1
F1 114 27 2
G1 133 27 1
A1 151 27 0
A1 178 27 1
B1 196 27 0
B1 223 27 1
C2 242 27 1
C2 269 27 2
D2 288 27 1
E2 306 30 0
E2 333 30 1
F2 356 30 1
F2 379 30 2
G2 395 30 1
A2 411 30 0
A2 433 30 1
B2 449 30 0
B2 471 27 1
C3 486 27 1
C3 509 27 2
D3 524 27 1
E3 539 27 0
E3 561 27 1
F3 576 27 1
F3 599 27 2
G3 614 27 1
A3 629 34 0
A3 651 34 1
B3 668 34 0
B3 690 34 1
C4 708 34 1
C4 736 34 2
D4 754 34 1
Measure Number: 53
rest 240
G4 158 240 1
C5 158 240 1
G4 206 240 1
C5 206 240 1
G4 254 240 1
C5 254 240 1
G4 302 240 1
C5 302 240 1
G4 349 240 1
C5 349 240 1
E4 111 960 0
D4 302 360 1
C4 379 120 1
Measure Number: 54
E5 16 960 0
D5 288 360 1
C5 382 120 1
E4 16 240 0
A4 16 240 0
E4 71 240 0
A4 71 240 0
E4 125 240 0
A4 125 240 0
E4 180 240 0
A4 180 240 0
E4 288 240 0
A4 288 240 0
E4 342 240 0
A4 342 240 0
C4 16 720 1
C4 180 60 1
B3 210 60 1
D4 235 60 1
C4 260 60 1
B3 288 360 0
A3 382 120 0
Measure Number: 55
C5 41 480 1
B4 140 480 0
B4 239 480 0
D4 30 240 0
E4 41 240 1
D4 79 240 0
E4 91 240 1
D4 128 240 0
E4 140 240 1
D4 178 240 0
E4 190 240 1
D4 239 240 0
F4 239 240 1
D4 289 240 0
F4 289 240 1
A3 41 480 0
G3 140 480 1
E3 208 0 1
F3 224 0 1
F3 239 480 1
Measure Number: 56
B4 20 960 0
C5 221 360 1
B4 302 120 0
D4 20 240 0
G4 20 240 1
D4 71 240 0
G4 71 240 1
D4 121 240 0
D4 171 240 0
C4 221 240 1
G4 221 240 1
C4 271 240 1
G4 271 240 1
E3 20 480 1
G4 121 480 1
E2 221 480 1
Measure Number: 57
B4 114 480 0
A4 273 960 0
C4 114 240 1
F4 114 240 1
C4 194 240 1
F4 194 240 1
C4 273 240 1
F4 273 240 1
C4 353 240 1
F4 353 240 1
C4 432 240 1
F4 432 240 1
C4 512 240 1
F4 512 240 1
F2 114 120 1
G2 154 120 1
F2 194 120 1
E2 234 120 1
F2 273 120 1
G2 313 120 1
A2 353 120 0
G2 393 120 1
B2 432 120 0
A2 472 120 0
G2 512 120 1
F2 552 120 1
Measure Number: 58
A4 18 960 0
A4 331 360 0
A4 449 120 0
C4 18 240 1
F4 18 240 1
C4 96 240 1
F4 96 240 1
C4 175 240 1
F4 175 240 1
C4 253 240 1
F4 253 240 1
C4 331 240 1
F4 331 240 1
C4 410 240 1
F4 410 240 1
E3 18 120 0
D3 57 120 1
C3 96 120 2
D3 135 120 1
B3 175 120 0
A3 214 120 0
G3 253 120 1
F3 292 120 1
E3 331 120 0
D3 371 120 1
F3 410 120 1
A3 449 120 0
Measure Number: 59
A4 16 480 0
G4 173 960 1
C4 16 240 1
E4 16 240 0
C4 94 240 1
E4 94 240 0
C4 173 240 1
E4 173 240 0
C4 236 240 1
E4 236 240 0
C4 298 240 1
E4 298 240 0
C4 361 240 1
E4 361 240 0
G2 16 120 1
C3 55 120 1
E3 94 120 0
C3 134 120 1
G3 173 720 1
E3 361 240 0
Measure Number: 60
E5 111 960 0
E5 307 480 0
E4 111 240 0
C5 111 240 1
E4 165 240 0
C5 165 240 1
E4 220 240 0
C5 220 240 1
E4 264 240 0
C5 264 240 1
E4 307 240 0
C5 307 240 1
E4 362 240 0
C5 362 240 1
C4 111 120 1
G3 138 120 1
A3 165 120 0
E3 193 120 0
G3 220 480 1
C4 307 120 1
G3 335 120 1
A3 362 120 0
E3 389 120 0
Measure Number: 61
E5 13 480 0
C5 98 960 1
E4 13 240 0
C5 13 240 1
E4 55 240 0
C5 55 240 1
C4 98 240 1
E4 98 240 0
C4 160 240 1
E4 160 240 0
C4 217 240 1
G4 217 240 1
C4 260 240 1
G4 260 240 1
G3 13 480 1
A3 98 120 0
E3 129 120 0
G3 160 180 1
C3 198 60 1
E3 217 480 0
Measure Number: 62
G4 16 960 1
G4 252 480 1
G3 16 240 1
C4 16 240 1
G3 68 240 1
C4 68 240 1
G3 121 240 1
C4 121 240 1
E4 121 240 0
G3 186 240 1
C4 186 240 1
E4 186 240 0
G3 264 240 1
B3 264 240 1
F4 264 240 1
G3 304 240 1
B3 304 240 1
F4 304 240 1
E3 16 480 0
E3 121 120 0
F2 153 120 2
A2 186 120 0
G2 219 120 1
D3 252 360 1
C3 337 120 1
Measure Number: 63
G4 33 480 1
F4 150 960 1
G3 33 240 1
B3 33 240 0
E4 33 240 1
G3 91 240 1
B3 91 240 0
E4 91 240 1
F3 150 240 1
A3 150 240 1
E4 150 240 0
F3 223 240 1
A3 223 240 1
E4 223 240 0
F3 296 240 1
A3 296 240 0
D4 296 240 1
F3 354 240 1
A3 354 240 0
D4 354 240 1
C3 33 480 1
C3 150 120 1
E2 186 120 1
G2 223 120 1
F2 259 120 1
B2 296 480 0
Measure Number: 64
E4 120 480 0
E4 266 240 0
D4 339 240 1
D4 414 420 1
C4 524 60 1
E3 120 240 0
G3 120 240 1
D4 120 240 1
E3 193 240 0
G3 193 240 1
D4 193 240 1
E3 266 240 0
G3 266 240 1
C4 266 240 1
D3 339 240 1
F3 339 240 2
C4 339 240 1
D3 414 240 1
F3 414 240 1
C4 414 240 1
D3 464 240 1
F3 464 240 1
B3 464 240 1
B2 120 120 0
D2 156 120 1
F2 193 120 1
E2 229 120 0
A2 266 120 1
C2 302 120 2
E2 339 120 0
D2 375 120 1
A2 414 360 0
G2 501 120 1
Measure Number: 65
E3 24 240 0
C4 24 240 1
C4 72 240 1
E4 72 240 0
C4 120 240 1
E4 120 240 0
C4 180 240 1
E4 180 240 0
F3 240 240 1
C4 240 240 1
D4 252 240 1
F3 288 240 1
B3 288 240 1
D4 288 240 1
G3 72 240 1
G3 120 240 1
G3 180 240 1
C2 24 480 1
C2 120 120 1
D2 150 120 1
F2 180 120 1
E2 210 120 0
A2 240 360 0
G2 318 120 1
Measure Number: 66
C4 16 240 1
C4 72 240 1
E4 72 240 0
C4 129 240 1
D4 141 240 1
rest 480
F3 236 240 1
B3 236 240 1
D4 236 240 1
E3 16 240 0
G3 72 240 1
F3 129 240 1
C2 16 120 1
D2 44 120 1
F2 72 120 1
E2 101 120 0
A2 129 240 0
rest 480
G2 236 240 1
Measure Number: 67
E3 16 480 0
C4 16 480 1
rest 480
E3 118 480 0
C4 118 480 1
C2 16 480 1
rest 480
C2 118 480 1
G2 118 480 1
Measure Number: 68
E3 16 1440 0
C4 16 1440 1
C2 16 1440 1
G2 16 1440 1
