Measure Number: 0
B4 103 12 0
rest 12
Measure Number: 1
D4 20 3 1
B4 20 3 0
E4 62 9 0
F4 144 3 1
E5 144 3 0
G4 186 9 0
A4 268 3 1
G5 268 3 0
B4 310 9 0
E2 20 12 0
B2 20 12 0
G3 20 12 0
rest 12
G2 268 12 0
E3 268 12 0
B3 268 12 0
Measure Number: 2
B4 24 3 0
G5 24 3 0
A4 68 9 0
G4 152 3 1
F5 152 3 1
A4 196 9 0
C5 281 3 0
A5 281 3 0
B4 324 9 0
A2 24 12 0
E3 24 12 0
C4 24 12 0
rest 12
C3 281 12 0
A3 281 12 0
E4 281 12 0
Measure Number: 3
B4 36 3 0
G5 36 3 0
A4 79 9 0
G4 164 3 1
F5 164 3 1
A4 207 9 0
B4 292 3 0
G5 292 3 0
A4 336 9 0
B2 36 12 0
A3 36 12 0
D4 36 12 1
rest 12
B1 292 12 0
D3 292 12 1
Measure Number: 4
A4 92 3 0
F5 92 3 1
G4 128 9 0
F4 199 3 1
E5 199 3 0
G4 235 9 0
G4 306 3 1
D5 306 3 0
A4 342 9 0
E2 92 12 0
B2 92 12 0
G3 92 12 0
rest 12
F2 306 12 1
D3 306 12 0
A3 306 12 0
Measure Number: 5
F4 29 3 1
D5 29 3 0
G4 69 9 0
A4 146 3 1
G5 146 3 0
B4 185 9 0
C5 263 3 1
B5 263 3 0
D5 302 9 0
G2 29 12 0
D3 29 12 0
B3 29 12 0
rest 12
B2 263 12 0
G3 263 12 0
D4 263 12 0
Measure Number: 6
D5 33 3 0
B5 33 3 0
C5 68 9 0
B4 138 3 0
A5 138 3 0
C5 174 9 0
E5 244 3 0
C6 244 3 0
D5 280 9 0
C3 33 12 0
G3 33 12 0
E4 33 12 0
rest 12
E3 244 12 0
C4 244 12 0
G4 244 12 0
Measure Number: 7
B4 24 3 0
A5 24 3 0
C5 62 9 0
C5 136 3 1
B5 136 3 0
D5 174 9 0
A4 249 3 1
G5 249 3 0
B4 287 9 0
D3 24 12 0
A3 24 12 0
F4 24 12 1
G2 136 12 0
D3 136 12 0
B3 136 12 0
C3 249 12 0
G3 249 12 0
E4 249 12 0
Measure Number: 8
B4 106 3 0
A5 106 3 0
C5 145 9 0
G4 221 3 1
F5 221 3 1
A4 260 9 0
B4 336 3 0
G5 336 3 0
A4 375 9 0
F2 106 12 1
C3 106 12 0
A3 106 12 0
rest 12
B2 336 12 0
A3 336 12 0
D4 336 12 1
Measure Number: 9
D4 20 3 1
B4 20 3 0
E4 56 9 0
F4 126 3 1
E5 126 3 0
G4 162 9 0
A4 232 3 1
G5 232 3 0
B4 268 9 0
E2 20 3 0
G3 56 9 0
E3 126 3 0
G3 162 9 0
B2 232 3 0
E2 268 9 0
Measure Number: 10
B4 13 3 0
G5 13 3 0
A4 50 9 0
G4 123 3 1
F5 123 3 1
A4 160 9 0
C5 233 3 0
A5 233 3 0
B4 271 9 0
A2 13 3 0
C4 50 9 0
F3 123 3 1
C4 160 9 0
F3 233 3 1
A2 271 9 0
Measure Number: 11
B4 18 3 0
G5 18 3 0
A4 57 9 0
G4 135 3 1
F5 135 3 1
A4 175 9 0
B4 252 3 0
G5 252 3 0
A4 292 9 0
B2 18 3 0
D4 57 9 1
F3 135 3 1
D4 175 9 1
A3 252 3 0
B2 292 9 0
Measure Number: 12
A4 81 3 0
F5 81 3 1
G4 117 9 0
F4 188 3 1
E5 188 3 0
G4 224 9 0
E4 295 3 0
D5 295 3 0
F4 331 9 0
E3 81 3 0
E4 117 9 0
B3 188 3 0
E4 224 9 0
G2 295 3 1
B3 331 9 0
Measure Number: 13
A4 23 3 1
F5 23 3 0
B4 63 9 0
C5 141 3 1
B5 141 3 0
D5 181 9 0
E5 259 3 0
D6 259 3 0
F5 300 9 0
B2 23 3 0
D4 63 9 0
D3 141 3 0
F4 181 9 0
F3 259 3 0
G4 300 9 1
Measure Number: 14
E5 36 3 0
D6 36 3 0
F5 75 9 0
D5 152 3 1
C6 152 3 0
E5 191 9 0
C5 268 3 1
B5 268 3 0
D5 307 9 0
C3 36 12 0
G3 36 12 1
B3 36 12 0
G4 36 12 1
C3 152 12 0
A3 152 12 0
C4 152 12 0
A4 152 12 0
rest 12
Measure Number: 15
C5 20 3 1
B5 20 3 0
D5 56 9 0
B4 126 3 0
A5 126 3 0
C5 162 9 0
G4 232 3 1
D5 232 3 0
A4 268 9 0
rest 12
D4 126 24 0
D2 20 12 0
rest 12
D3 232 12 0
Measure Number: 16
G4 93 3 1
D5 93 3 0
A4 131 9 0
C5 205 3 1
B5 205 3 0
D5 243 9 0
B4 317 3 0
A5 317 3 0
C5 355 9 0
D4 93 12 0
F3 105 12 1
C4 105 12 0
rest 12
rest 12
Measure Number: 17
A4 20 3 1
G5 20 3 0
B4 57 9 0
C5 128 3 1
B5 128 3 0
D5 165 9 0
C5 236 3 1
B5 236 3 0
D5 272 9 0
D4 128 24 0
G2 20 12 0
rest 12
D3 236 12 0
Measure Number: 18
C5 20 3 1
B5 20 3 0
D5 59 9 0
E5 133 3 0
D6 133 3 0
F5 172 9 0
D5 246 3 1
C6 246 3 0
E5 284 9 0
D4 133 24 0
G2 20 12 1
rest 12
D3 246 12 0
Measure Number: 19
C5 20 3 1
B5 20 3 0
D5 60 9 0
B4 137 3 0
A5 137 3 0
C5 177 9 0
G4 254 3 1
D5 254 3 0
A4 293 9 0
D4 137 24 0
A2 20 12 0
rest 12
D3 254 12 0
F3 254 12 1
C4 254 12 0
Measure Number: 20
G4 93 3 1
D5 93 3 0
A4 133 9 0
A4 210 3 1
D5 210 3 0
B4 250 9 0
G4 327 3 1
D5 327 3 0
A4 367 9 0
D4 210 24 0
D2 93 12 0
rest 12
D3 327 12 0
F3 327 12 1
C4 327 12 0
Measure Number: 21
F4 18 6 1
B4 18 6 0
G4 74 6 0
A4 130 6 1
D5 130 6 0
B4 186 6 0
C5 243 6 1
B5 243 6 0
D5 299 6 0
E4 111 0 0
D4 130 24 0
G2 18 12 0
rest 12
D3 243 12 0
Measure Number: 22
C5 20 6 1
B5 20 6 0
D5 75 6 0
E5 130 6 0
D6 130 6 0
F5 184 6 0
D5 239 6 0
C6 239 6 0
E5 293 6 0
E4 110 0 0
D4 130 24 0
G2 20 12 1
rest 12
D3 239 12 0
Measure Number: 23
C5 20 6 1
B5 20 6 0
D5 76 6 0
B4 132 6 0
A5 132 6 0
C5 188 6 0
G4 243 6 1
D5 243 6 0
A4 299 6 0
E4 113 0 0
D4 132 24 0
A2 20 12 0
rest 12
D3 243 12 0
F3 243 12 1
C4 243 12 0
Measure Number: 24
G4 93 6 1
D5 93 6 0
A4 147 6 0
A4 202 6 1
D5 202 6 0
B4 256 6 0
G4 310 6 1
D5 310 6 0
A4 364 6 0
E4 182 0 0
D4 202 24 0
D2 93 12 0
rest 12
D3 310 12 0
F3 310 12 1
C4 310 12 0
Measure Number: 25
F4 18 6 1
B4 18 6 0
G4 71 6 0
A4 144 6 1
D5 144 6 0
B4 198 6 0
C5 251 6 1
G5 251 6 0
D5 305 6 0
G2 18 12 0
B3 144 12 0
D4 144 12 0
D4 251 12 0
G4 251 12 0
Measure Number: 26
F5 16 6 1
B5 16 6 0
G5 76 6 0
A5 136 6 1
D6 136 6 0
B5 195 6 0
C6 255 6 1
G6 255 6 0
D6 315 6 0
G4 16 12 0
B4 16 12 0
B4 136 12 0
D5 136 12 0
D5 255 12 0
G5 255 12 0
Measure Number: 27
F6 16 6 1
B6 16 6 0
G6 72 6 0
C6 127 6 1
G6 127 6 0
D6 183 6 0
A5 238 6 1
D6 238 6 0
B5 294 6 0
G5 16 12 0
B5 16 12 0
rest 12
rest 12
Measure Number: 28
F5 83 6 1
B5 83 6 0
G5 138 6 0
C5 192 6 1
G5 192 6 0
D5 246 6 0
A4 301 6 1
D5 301 6 0
B4 355 6 0
rest 36
Measure Number: 29
B4 34 12 0
E5 141 12 0
G5 249 12 0
D4 15 0 1
E4 34 12 0
F4 122 0 1
G4 141 12 0
A4 230 0 1
B4 249 12 0
E2 34 12 0
B2 34 12 0
G3 34 12 0
rest 12
G2 249 12 0
E3 249 12 0
B3 249 12 0
Measure Number: 30
G5 38 12 0
F5 146 12 1
A5 253 12 0
B4 7 0 0
A4 38 12 0
G4 126 0 1
A4 146 12 0
C5 234 0 0
B4 253 12 0
A2 38 12 0
E3 38 12 0
C4 38 12 0
rest 12
C3 253 12 0
A3 253 12 0
E4 253 12 0
Measure Number: 31
G5 36 12 0
F5 146 12 1
G5 257 12 0
B4 11 0 0
A4 36 12 0
G4 127 0 1
A4 146 12 0
B4 228 0 0
A4 257 12 0
B2 36 12 0
A3 36 12 0
D4 36 12 1
rest 12
B1 257 12 0
D3 257 12 1
Measure Number: 32
F5 100 12 1
E5 207 12 0
D5 313 12 0
A4 81 0 0
G4 100 12 0
F4 187 0 1
G4 207 12 0
G4 294 0 1
A4 313 12 0
E2 100 12 0
B2 100 12 0
G3 100 12 0
rest 12
F2 313 12 1
D3 313 12 0
A3 313 12 0
Measure Number: 33
D5 38 12 0
G5 149 12 0
B5 260 12 0
F4 7 0 1
G4 38 12 0
A4 130 0 1
B4 149 12 0
C5 241 0 1
D5 260 12 0
G2 38 12 0
D3 38 12 0
B3 38 12 0
rest 12
B2 260 12 0
G3 260 12 0
D4 260 12 0
Measure Number: 34
B5 38 12 0
A5 141 12 0
C6 243 12 0
D5 7 0 0
C5 38 12 0
B4 122 0 0
C5 141 12 0
E5 224 0 0
D5 243 12 0
C3 38 12 0
G3 38 12 0
E4 38 12 0
rest 12
E3 243 12 0
C4 243 12 0
G4 243 12 0
Measure Number: 35
A5 33 12 0
B5 144 12 0
G5 255 12 0
B4 14 0 0
C5 33 12 0
C5 125 0 1
D5 144 12 0
A4 236 0 1
B4 255 12 0
F4 33 12 1
rest 12
E4 255 12 0
D3 33 12 0
C4 33 12 0
G2 144 12 0
D3 144 12 0
B3 144 12 0
C3 255 12 0
G3 255 12 0
Measure Number: 36
A5 117 12 0
F5 222 12 1
G5 326 12 0
B4 81 0 0
C5 117 12 0
G4 202 0 0
A4 222 12 0
B4 297 0 0
A4 326 12 0
F2 117 12 1
C3 117 12 0
A3 117 12 0
rest 12
B2 326 12 0
F3 326 12 1
D4 326 12 1
Measure Number: 37
D4 20 6 1
B4 20 6 0
E4 75 6 0
F4 129 6 1
E5 129 6 0
G4 183 6 0
A4 237 6 1
G5 237 6 0
B4 291 6 0
E2 20 6 0
G3 75 6 0
E3 129 6 0
G3 183 6 0
B2 237 6 0
E2 291 6 0
Measure Number: 38
B4 13 6 0
G5 13 6 0
A4 69 6 0
G4 125 6 1
F5 125 6 1
A4 181 6 0
C5 238 6 0
A5 238 6 0
B4 294 6 0
A2 13 6 0
C4 69 6 0
F3 125 6 1
C4 181 6 0
F3 238 6 1
A2 294 6 0
Measure Number: 39
B4 18 6 0
G5 18 6 0
A4 77 6 0
G4 137 6 1
F5 137 6 1
A4 197 6 0
B4 257 6 0
G5 257 6 0
A4 316 6 0
C3 18 6 0
D4 77 6 1
F3 137 6 1
D4 197 6 1
A3 257 6 0
B2 316 6 0
Measure Number: 40
A4 81 6 0
F5 81 6 1
G4 128 6 0
F4 176 6 1
E5 176 6 0
G4 224 6 0
E4 272 6 0
D5 272 6 0
F4 319 6 0
E3 81 6 0
E4 128 6 0
B3 176 6 0
E4 224 6 0
G2 272 6 1
B3 319 6 0
Measure Number: 41
A4 23 6 1
F5 23 6 0
B4 79 6 0
C5 135 6 1
B5 135 6 0
D5 192 6 0
E5 248 6 0
D6 248 6 0
F5 304 6 1
D3 23 6 0
F4 79 6 0
F3 135 6 0
G4 192 6 1
G3 248 6 1
B4 304 6 0
Measure Number: 42
E5 18 0 0
G5 18 0 0
C7 18 0 0
E7 48 12 0
rest 12
rest 12
B3 16 0 -1
C4 24 0 0
G4 16 0 0
B2 48 12 -1
rest 12
rest 12
Measure Number: 43
B4 16 0 0
E5 16 0 0
B5 16 0 0
B6 50 12 0
rest 12
rest 12
B2 16 0 0
G3 16 0 0
E4 16 0 0
B1 50 12 0
rest 12
rest 12
Measure Number: 44
B4 15 0 0
D5 15 0 1
B5 15 0 0
B6 34 12 0
rest 12
rest 12
B2 15 0 0
F3 15 0 1
D4 15 0 1
B1 34 12 0
rest 12
rest 12
Measure Number: 45
B3 111 4 0
E4 147 4 0
B4 147 4 0
G4 183 4 1
B4 219 4 0
E5 255 4 0
B5 255 4 0
G5 291 4 1
B5 327 4 0
E6 363 4 0
B6 363 4 0
G6 399 4 1
B3 111 24 0
C4 327 12 1
E3 111 36 0
Measure Number: 46
B5 16 4 0
D6 52 4 1
B6 52 4 0
F6 88 4 1
B5 124 4 0
D5 160 4 1
B5 160 4 0
F5 196 4 1
B4 232 4 0
D4 268 4 1
B4 268 4 0
F4 304 4 1
C4 16 24 1
B3 232 12 0
D3 16 36 1
F3 16 36 1
Measure Number: 47
G3 16 4 1
C4 51 4 1
G4 51 4 1
E4 86 4 0
G4 121 4 1
C5 157 4 1
G5 157 4 1
E5 192 4 0
A5 227 4 0
C6 262 4 1
A6 262 4 0
E6 297 4 0
rest 12
G3 121 12 1
A3 227 12 0
C2 16 12 1
C3 16 12 1
rest 12
rest 12
Measure Number: 48
A5 20 4 0
B5 62 4 1
A6 62 4 0
D6 104 4 1
A5 145 4 0
B4 187 4 1
A5 187 4 0
D5 228 4 1
A4 270 4 0
B3 311 4 1
G4 311 4 1
D4 353 4 1
A3 20 24 0
G3 270 12 1
B2 20 36 1
Measure Number: 49
G3 114 4 1
A3 151 4 0
E4 151 4 0
C4 187 4 1
E4 223 4 0
A4 260 4 0
E5 260 4 0
C5 296 4 1
E5 333 4 0
A5 369 4 0
E6 369 4 0
C6 406 4 1
E3 114 12 0
D3 223 12 1
C3 333 12 1
A2 114 12 0
rest 12
rest 12
Measure Number: 50
E6 16 4 0
G6 51 4 1
E7 51 4 0
B6 86 4 0
E6 121 4 0
E6 156 4 0
B6 156 4 0
G6 192 4 1
B5 227 4 0
B5 262 4 0
G6 262 4 1
E6 297 4 0
B2 16 12 0
E3 121 12 0
G3 227 12 1
E2 16 24 0
rest 12
Measure Number: 51
G5 13 4 1
G5 52 4 1
E6 52 4 0
B5 92 4 0
D5 131 4 1
D5 171 4 1
B5 171 4 0
G5 210 4 1
F4 250 4 2
A4 289 4 1
F5 289 4 2
D5 329 4 1
B3 13 12 0
D4 131 12 1
C4 250 12 1
D3 13 36 1
Measure Number: 52
G4 24 4 1
B4 61 4 0
G5 61 4 1
D5 98 4 1
D4 135 4 1
G4 172 4 1
D5 172 4 1
C5 209 4 1
B3 246 4 0
D4 283 4 1
B4 283 4 0
F4 322 4 1
B3 24 12 0
A3 135 12 1
A3 246 12 0
G2 24 12 1
rest 12
B2 246 12 0
Measure Number: 53
B3 122 4 0
E4 158 4 0
B4 158 4 0
G4 193 4 1
B4 228 4 0
E5 264 4 0
B5 264 4 0
G5 299 4 1
B5 334 4 0
E6 370 4 0
B6 370 4 0
G6 414 4 1
G3 122 12 1
B3 228 18 0
C4 392 6 1
E2 122 12 0
B2 122 12 0
rest 12
rest 12
Measure Number: 54
B5 16 4 0
D6 51 4 1
B6 51 4 0
F6 86 4 1
B5 121 4 0
D5 155 4 1
B5 155 4 0
F5 190 4 1
B4 225 4 0
D4 260 4 1
B4 260 4 0
F4 295 4 1
C4 16 24 1
B3 225 12 0
Measure Number: 55
G3 16 4 1
C4 51 4 1
G4 51 4 1
E4 86 4 0
G4 121 4 1
C5 156 4 1
G5 156 4 1
E5 191 4 0
A5 225 4 0
C6 260 4 1
A6 260 4 0
E6 304 4 0
rest 12
G3 121 18 1
A3 282 6 0
C2 16 12 1
C3 16 12 1
rest 12
rest 12
Measure Number: 56
A5 20 4 0
B5 61 4 1
A6 61 4 0
D6 101 4 1
A5 142 4 0
B4 182 4 1
A5 182 4 0
D5 222 4 1
A4 263 4 0
B3 303 4 1
G4 303 4 1
D4 344 4 1
A3 20 24 0
G3 263 12 1
B2 20 36 1
Measure Number: 57
G3 114 4 1
G3 152 4 1
C4 152 4 1
A3 189 4 1
E4 227 4 0
G4 264 4 1
E5 264 4 0
A4 302 4 1
E5 340 4 0
G5 377 4 1
E6 377 4 0
A5 415 4 1
E3 114 12 0
D3 227 12 1
C3 340 12 1
C2 114 12 1
rest 12
rest 12
Measure Number: 58
D5 18 4 1
G5 52 4 1
D6 52 4 1
B5 85 4 0
D5 119 4 1
G4 153 4 1
D5 153 4 1
B4 186 4 0
D4 220 4 1
C5 262 4 1
A4 296 4 1
rest 24
D4 220 2 1
E4 262 4 0
B1 18 24 0
B2 18 24 0
C2 220 12 1
C3 220 12 1
Measure Number: 59
C4 16 4 1
C5 59 4 1
G4 94 4 1
B3 129 4 0
B4 173 4 0
G4 207 4 1
A3 242 4 0
A4 286 4 1
F4 320 4 2
C4 16 2 1
D4 59 4 1
B3 129 2 0
D4 173 4 1
A3 242 2 0
C4 286 4 1
D2 16 24 1
D3 16 24 1
D1 242 12 1
D2 242 12 1
Measure Number: 60
A3 24 4 1
A4 68 4 1
D4 103 4 1
A3 138 4 1
G4 181 4 1
D4 216 4 1
G3 251 4 1
G4 295 4 1
D4 330 4 1
A3 24 2 1
C4 68 4 1
A3 138 2 1
B3 181 4 0
G3 251 2 1
B3 295 4 0
G1 24 36 1
G2 24 36 1
Measure Number: 61
E3 123 4 0
F3 162 4 1
D4 162 4 1
C4 200 4 1
E4 238 4 0
F4 277 4 1
D5 277 4 1
C5 315 4 1
E5 354 4 0
F5 392 4 1
D6 392 4 1
C6 430 4 1
A1 123 36 0
A2 123 36 0
Measure Number: 62
E5 16 4 0
G5 53 4 1
C6 53 4 1
B5 90 4 0
E5 128 4 0
G4 165 4 1
C5 165 4 1
B4 211 4 0
E4 248 4 0
G4 286 4 1
E5 286 4 0
C5 323 4 1
G1 16 18 1
G2 16 18 1
A1 188 6 0
A2 188 6 0
G1 248 12 1
G2 248 12 1
Measure Number: 63
E4 16 4 0
E4 51 4 0
B4 51 4 0
G4 87 4 1
C4 122 4 1
E3 158 4 0
B3 158 4 0
G3 193 4 1
B2 228 4 0
D3 264 4 1
B3 264 4 0
A3 299 4 0
F1 16 24 1
F2 16 24 1
B1 228 12 0
Measure Number: 64
B2 16 4 0
E3 52 4 0
A3 52 4 0
G3 88 4 1
B3 124 4 0
E4 159 4 0
A4 159 4 0
G4 195 4 1
B4 231 4 0
E5 267 4 0
A5 267 4 0
G5 303 4 1
E1 16 24 0
E2 16 24 0
rest 12
Measure Number: 65
B4 111 4 0
F4 148 4 1
D5 148 4 1
C5 186 4 1
E5 223 4 0
F5 261 4 1
D6 261 4 1
C6 299 4 1
E6 336 4 0
F6 374 4 1
D7 374 4 1
C7 411 4 1
A2 111 36 0
A3 111 36 0
Measure Number: 66
E6 13 4 0
G6 51 4 1
C7 51 4 1
B6 89 4 0
E6 128 4 0
G5 166 4 1
C6 166 4 1
B5 214 4 0
E5 253 4 0
G5 291 4 1
E6 291 4 0
C6 330 4 1
G2 13 18 1
G3 13 18 1
A2 190 6 0
A3 190 6 0
G2 253 12 1
G3 253 12 1
Measure Number: 67
E5 13 4 0
E5 49 4 0
B5 49 4 0
G5 86 4 1
C5 123 4 1
E4 159 4 0
B4 159 4 0
G4 196 4 1
B3 233 4 0
D4 269 4 1
B4 269 4 0
A4 306 4 0
F2 13 24 1
F3 13 24 1
B2 233 12 0
Measure Number: 68
B3 16 4 0
E4 52 4 0
A4 52 4 0
G4 88 4 1
B4 125 4 0
E5 161 4 0
A5 161 4 0
G5 197 4 1
B4 233 4 0
E4 270 4 0
A4 270 4 0
G4 306 4 1
E2 16 24 0
E3 16 24 0
rest 12
Measure Number: 69
C4 123 4 0
E4 160 4 0
G4 160 4 1
F4 196 4 1
B3 232 4 0
E4 268 4 0
G4 268 4 1
F4 304 4 1
A3 340 4 0
E4 376 4 0
G4 376 4 1
F4 412 4 1
C4 123 12 0
B3 232 12 0
A3 340 12 0
A1 123 12 0
A2 123 12 0
B1 232 12 0
B2 232 12 0
C2 340 12 0
C3 340 12 0
Measure Number: 70
C5 18 4 0
E5 54 4 0
G5 54 4 1
F5 90 4 1
B4 126 4 0
E5 162 4 0
G5 162 4 1
F5 198 4 1
A4 234 4 0
E5 270 4 0
G5 270 4 1
F5 306 4 1
C5 18 12 0
B4 126 12 0
A4 234 12 0
A2 18 12 0
A3 18 12 0
B2 126 12 0
B3 126 12 0
C3 234 12 0
C4 234 12 0
Measure Number: 71
A4 24 4 1
E5 62 4 0
G5 62 4 1
E5 100 4 0
A5 138 4 1
E6 176 4 0
G6 176 4 1
F6 214 4 1
A5 252 4 1
E6 290 4 0
C7 290 4 1
F6 328 4 1
C3 24 24 1
C4 24 24 1
F2 252 12 1
F3 252 12 1
Measure Number: 72
B5 13 4 0
D6 50 4 1
B6 50 4 0
F6 87 4 1
B5 123 4 0
D5 160 4 1
B5 160 4 0
F5 197 4 1
B4 234 4 0
D4 271 4 1
B4 271 4 0
F4 308 4 1
B2 13 24 0
B3 13 24 0
rest 12
Measure Number: 73
G3 114 4 1
D4 148 4 0
B4 148 4 0
F4 182 4 0
G5 262 4 1
D6 296 4 0
B6 296 4 0
F6 330 4 0
G5 364 4 0
C6 398 4 1
A6 398 4 1
E6 432 4 0
B1 114 12 0
B2 114 12 0
G3 262 12 1
D4 262 12 0
F4 262 12 0
B4 262 12 0
G3 364 12 0
C4 364 12 1
E4 364 12 0
A4 364 12 1
Measure Number: 74
G5 18 4 0
C6 55 4 1
A6 55 4 1
E6 92 4 0
G5 129 4 0
C5 167 4 1
A5 167 4 1
E5 204 4 0
F4 241 4 1
C5 278 4 0
A5 278 4 0
D5 315 4 1
B2 18 12 0
G3 129 12 0
C4 129 12 1
E4 129 12 0
F3 241 12 1
C4 229 12 0
D4 241 12 1
Measure Number: 75
F4 16 4 1
C5 48 4 0
A5 48 4 0
D5 79 4 1
F5 148 4 1
C6 179 4 0
A6 179 4 0
D6 211 4 1
F5 242 4 0
B5 274 4 0
G6 274 4 1
D6 306 4 0
B1 16 12 0
B2 16 12 0
F3 148 12 1
C4 148 12 0
D4 159 12 1
A4 148 12 0
F3 242 12 0
B3 242 12 0
D4 242 12 0
G4 242 12 1
Measure Number: 76
F5 18 4 0
B5 52 4 0
G6 52 4 1
D6 87 4 0
F5 122 4 0
B4 157 4 0
G5 157 4 1
D5 192 4 0
E4 227 4 0
B4 262 4 0
G5 262 4 0
C5 297 4 1
B2 18 12 0
F3 122 12 0
B3 122 12 0
D4 122 12 0
E3 227 12 0
B3 215 12 0
C4 227 12 1
Measure Number: 77
E4 120 4 0
B4 157 4 0
E5 157 4 0
C5 193 4 1
F4 230 4 1
B4 267 4 0
F5 267 4 1
C5 304 4 1
G4 340 4 0
B4 377 4 0
G5 377 4 0
C5 414 4 1
E4 120 12 0
F4 230 12 1
G4 340 12 0
G3 120 12 0
F3 230 12 1
E3 340 12 0
B2 120 36 0
Measure Number: 78
G4 18 4 0
B4 54 4 0
G5 54 4 0
C5 90 4 1
F4 126 4 1
B4 162 4 0
F5 162 4 1
C5 198 4 1
E4 235 4 0
B4 271 4 0
E5 271 4 0
C5 316 4 1
G4 18 12 0
F4 126 12 1
E4 235 12 0
E3 18 12 0
B3 126 18 0
E3 293 6 0
B2 18 36 0
Measure Number: 79
E4 18 4 0
B4 55 4 0
E5 55 4 0
C5 92 4 1
E4 129 4 0
A4 166 4 1
E5 166 4 0
C5 203 4 1
E4 240 4 0
A4 277 4 1
E5 277 4 0
C5 315 4 0
E4 18 12 0
E4 129 12 0
E4 240 12 0
G3 18 36 0
B2 18 36 0
Measure Number: 80
E4 13 4 0
A4 50 4 0
E5 50 4 0
C5 87 4 0
D4 124 4 1
A4 161 4 0
D5 161 4 1
B4 198 4 0
B3 236 4 0
D4 273 4 1
B4 273 4 0
A4 310 4 0
E4 13 12 0
D4 124 12 1
B3 236 12 0
F3 13 24 1
rest 12
B2 13 24 0
rest 12
Measure Number: 81
B3 114 3 0
E4 141 3 0
B4 141 3 0
G4 168 3 1
B4 195 3 0
E5 222 3 0
B5 222 3 0
G5 249 3 1
B5 276 3 0
E6 302 3 0
B6 302 3 0
G6 329 3 1
B5 356 3 0
E6 383 3 0
B6 383 3 0
G6 410 3 1
E3 114 36 0
E2 114 12 0
B3 222 12 0
C4 329 12 1
Measure Number: 82
B5 16 3 0
D6 41 3 1
B6 41 3 0
F6 65 3 1
B5 90 3 0
D5 115 3 1
B5 115 3 0
F5 140 3 1
B4 164 3 0
D4 189 3 1
B4 189 3 0
F4 214 3 1
B3 238 3 0
D4 263 3 1
B4 263 3 0
F4 288 3 1
C4 16 24 1
rest 3
B3 238 6 0
rest 3
D3 16 24 1
F3 16 24 1
rest 12
Measure Number: 83
G3 16 3 1
C4 44 3 1
G4 44 3 1
E4 71 3 0
G4 99 3 1
C5 127 3 1
G5 127 3 1
E5 154 3 0
G5 182 3 1
C6 209 3 1
G6 209 3 1
E6 237 3 0
A5 265 3 0
C6 292 3 1
A6 292 3 0
E6 320 3 0
C3 21 36 1
C2 16 12 1
G3 127 12 1
B3 237 9 0
A3 320 3 0
Measure Number: 84
A5 20 3 0
B5 55 3 1
A6 55 3 0
D6 86 3 1
A5 117 3 0
B4 148 3 1
A5 148 3 0
D5 180 3 1
A4 211 3 0
B3 244 3 1
A4 244 3 0
D4 275 3 1
G3 306 3 1
B3 337 3 1
G4 337 3 1
D4 369 3 1
A3 20 24 0
rest 3
G3 306 6 1
rest 3
B2 20 24 1
rest 12
Measure Number: 85
G3 114 3 1
A3 140 3 0
E4 140 3 0
C4 166 3 1
E4 193 3 0
A4 219 3 0
E5 219 3 0
C5 245 3 1
E5 271 3 0
A5 297 3 0
E6 297 3 0
C6 323 3 1
E6 349 3 0
A6 376 3 0
E7 376 3 0
C7 402 3 1
E3 114 12 0
D3 219 12 1
C3 323 12 1
A2 114 12 0
rest 12
rest 12
Measure Number: 86
E6 16 3 0
G6 41 3 1
E7 41 3 0
B6 66 3 0
E6 91 3 0
E6 116 3 0
B6 116 3 0
G6 141 3 1
B5 166 3 0
B5 191 3 0
G6 191 3 1
E6 216 3 0
G5 241 3 1
G5 266 3 1
E6 266 3 0
B5 291 3 0
B2 16 12 0
E3 116 12 0
G3 216 12 1
E2 16 24 0
rest 12
Measure Number: 87
D5 18 3 1
G5 48 3 1
D6 48 3 1
B5 78 3 0
D5 108 3 1
D5 138 3 1
B5 138 3 0
G5 168 3 1
G4 198 3 1
G4 228 3 1
F4 298 3 2
A4 329 3 1
D5 359 3 1
rest 12
rest 9
G5 228 9 1
F5 329 3 2
rest 3
rest 24
D5 258 9 1
D5 359 3 1
B3 18 12 0
D4 138 12 1
C4 258 12 1
D3 18 36 1
Measure Number: 88
G4 24 3 1
B4 52 3 0
G5 52 3 1
D5 80 3 1
G4 109 3 1
G4 137 3 1
D5 137 3 1
B4 165 3 0
D4 193 3 1
D4 221 3 1
B3 278 3 0
D4 306 3 1
F4 335 3 1
rest 12
rest 9
B4 221 9 0
B4 306 3 0
rest 3
rest 24
G4 250 9 1
F4 335 3 1
B3 24 12 0
A3 137 12 1
A3 250 12 0
G2 24 12 1
D3 24 12 1
rest 12
B2 250 12 0
Measure Number: 89
B3 114 3 0
E4 153 3 0
B4 153 3 0
G4 192 3 1
B4 232 3 0
E5 271 3 0
B5 271 3 0
G5 310 3 1
B5 349 3 0
E6 388 3 0
B6 388 3 0
G6 428 3 1
B5 467 3 0
E6 506 3 0
B6 506 3 0
G6 545 3 1
E2 114 12 0
B2 114 12 0
G3 114 12 1
B3 271 12 0
D4 428 9 1
C4 545 3 1
Measure Number: 90
B5 16 3 0
D6 53 3 1
B6 53 3 0
F6 90 3 1
B5 127 3 0
D5 165 3 1
B5 165 3 0
F5 202 3 1
B4 239 3 0
D4 276 3 1
B4 276 3 0
F4 313 3 1
B3 350 3 0
D4 388 3 1
B4 388 3 0
F4 425 3 1
C4 16 24 1
rest 3
B3 350 6 0
rest 3
D3 16 24 1
F3 16 24 1
rest 12
Measure Number: 91
G3 16 3 1
C4 53 3 1
G4 53 3 1
E4 90 3 0
G4 126 3 1
C5 163 3 1
G5 163 3 1
E5 200 3 0
G5 237 3 1
C6 274 3 1
G6 274 3 1
E6 311 3 0
A5 347 3 0
C6 384 3 1
A6 384 3 0
E6 421 3 0
C3 21 36 1
C2 16 12 1
G3 163 12 1
B3 311 9 0
A3 421 3 0
Measure Number: 92
A5 123 3 0
B5 163 3 1
A6 163 3 0
D6 204 3 1
A5 245 3 0
B4 285 3 1
A5 285 3 0
D5 326 3 1
A4 366 3 0
B3 407 3 1
A4 407 3 0
D4 448 3 1
G3 488 3 1
B3 529 3 1
G4 529 3 1
D4 569 3 1
A3 123 24 0
rest 3
G3 488 6 1
rest 3
B2 123 24 1
rest 12
Measure Number: 93
G3 16 3 1
A3 52 3 0
E4 52 3 0
C4 89 3 1
E4 125 3 0
A4 162 3 0
E5 162 3 0
C5 198 3 1
E5 235 3 0
A5 271 3 0
E6 271 3 0
C6 307 3 1
E6 344 3 0
A6 380 3 0
E7 380 3 0
C7 417 3 1
E3 16 12 0
D3 162 12 1
C3 307 12 1
A2 16 12 0
rest 12
rest 12
Measure Number: 94
E6 16 3 0
G6 51 3 1
E7 51 3 0
B6 87 3 0
E6 122 3 0
E6 158 3 0
B6 158 3 0
G6 193 3 1
B5 229 3 0
B5 264 3 0
G6 264 3 1
E6 299 3 0
G5 335 3 1
G5 370 3 1
E6 370 3 0
B5 406 3 0
B2 16 12 0
E3 158 12 0
G3 299 12 1
E2 16 24 0
rest 12
Measure Number: 95
E5 111 3 0
E5 147 3 0
B5 147 3 0
G5 184 3 1
B4 221 3 0
B4 257 3 0
G5 257 3 1
E5 294 3 0
G4 331 3 1
G4 367 3 1
E5 367 3 0
B4 404 3 0
E4 440 3 0
E4 477 3 0
B4 477 3 0
G4 514 3 1
B3 111 24 0
A3 404 9 0
G3 514 3 1
Measure Number: 96
B3 16 3 0
E4 52 3 0
B4 52 3 0
G4 89 3 1
B3 125 3 0
E4 161 3 0
B4 161 3 0
G4 198 3 1
B3 234 3 0
E4 270 3 0
B4 270 3 0
G4 307 3 1
B3 343 3 0
E4 379 3 0
B4 379 3 0
G4 415 3 1
G3 16 36 1
Measure Number: 97
B3 16 3 0
E4 52 3 0
B4 52 3 0
G4 89 3 1
B3 125 3 0
E4 161 3 0
B4 161 3 0
G4 198 3 1
B3 234 3 0
E4 270 3 0
B4 270 3 0
G4 307 3 1
B3 343 3 0
E4 379 3 0
B4 379 3 0
G4 415 3 1
G3 16 36 1
Measure Number: 98
D4 93 3 1
G4 93 3 0
B4 93 3 0
E4 127 9 0
F4 192 3 1
B4 192 3 0
E5 192 3 0
G4 226 9 0
A4 292 3 1
E5 292 3 0
G5 292 3 0
B4 325 9 0
E2 93 12 0
B2 93 12 0
G3 93 12 0
rest 12
G2 292 12 0
E3 292 12 0
B3 292 12 0
Measure Number: 99
B4 13 3 0
C5 24 3 0
G5 24 3 0
A4 63 9 0
G4 138 3 1
C5 138 3 0
F5 138 3 1
A4 176 9 0
C5 251 3 0
F5 251 3 1
A5 251 3 0
B4 290 9 0
A2 24 12 0
E3 24 12 0
C4 24 12 0
rest 12
C3 251 12 0
A3 251 12 0
E4 251 12 0
Measure Number: 100
B4 36 3 0
D5 36 3 1
G5 36 3 0
A4 74 9 0
G4 149 3 1
D5 149 3 1
F5 149 3 1
A4 188 9 0
B4 263 3 0
D5 263 3 1
G5 263 3 0
A4 301 9 0
B2 36 12 0
A3 36 12 0
D4 36 12 1
rest 12
B1 263 12 0
D3 263 12 1
Measure Number: 101
A4 17 3 0
B4 29 3 0
F5 29 3 1
G4 68 9 0
F4 143 3 1
B4 143 3 0
E5 143 3 0
G4 181 9 0
G4 256 3 1
C5 244 3 0
D5 256 3 0
A4 295 9 0
E2 29 12 0
B2 29 12 0
G3 29 12 0
rest 12
F2 256 12 1
D3 256 12 0
A3 256 12 0
Measure Number: 102
F4 104 3 1
B4 104 3 0
D5 104 3 0
G4 141 9 0
A4 215 3 1
D5 215 3 0
G5 215 3 0
B4 252 9 0
C5 326 3 1
G5 326 3 0
B5 326 3 0
D5 363 9 0
G2 104 12 0
D3 104 12 0
B3 104 12 0
rest 12
B2 326 12 0
G3 326 12 0
D4 326 12 0
Measure Number: 103
D5 17 3 0
E5 29 3 0
B5 29 3 0
C5 65 9 0
B4 135 3 0
E5 135 3 0
A5 135 3 0
C5 171 9 0
E5 241 3 0
A5 241 3 0
C6 241 3 0
D5 276 9 0
C3 29 12 0
G3 29 12 0
E4 29 12 0
rest 12
E3 241 12 0
C4 241 12 0
G4 241 12 0
Measure Number: 104
B4 24 3 0
F5 24 3 1
A5 24 3 0
C5 60 9 0
C5 131 3 1
F5 131 3 1
B5 131 3 0
D5 167 9 0
A4 237 3 1
E5 237 3 0
G5 237 3 0
B4 273 9 0
D3 24 12 0
A3 24 12 0
F4 24 12 1
G2 131 12 0
D3 131 12 0
B3 131 12 0
C3 237 12 0
G3 237 12 0
E4 237 12 0
Measure Number: 105
B4 31 3 0
E5 31 3 0
A5 31 3 0
C5 70 9 0
G4 146 3 1
E5 134 3 0
F5 146 3 1
A4 185 9 0
B4 260 3 0
D5 260 3 1
G5 260 3 0
A4 299 9 0
F2 31 12 1
C3 31 12 0
A3 31 12 0
rest 12
B2 260 12 0
A3 260 12 0
D4 260 12 1
Measure Number: 106
D4 93 3 1
G4 93 3 0
B4 93 3 0
E4 129 9 0
F4 199 3 1
B4 199 3 0
E5 199 3 0
G4 235 9 0
A4 306 3 1
E5 306 3 0
G5 306 3 0
B4 342 9 0
E2 93 3 0
G3 129 9 0
E3 199 3 0
G3 235 9 0
B2 306 3 0
E2 342 9 0
Measure Number: 107
B4 13 3 0
C5 24 3 0
G5 24 3 0
A4 62 9 0
G4 135 3 1
C5 135 3 0
F5 135 3 1
A4 173 9 0
C5 246 3 0
F5 246 3 1
A5 246 3 0
B4 284 9 0
A2 24 3 0
C4 62 9 0
F3 135 3 1
C4 173 9 0
F3 246 3 1
A2 284 9 0
Measure Number: 108
B4 30 3 0
D5 30 3 1
G5 30 3 0
A4 69 9 0
G4 147 3 1
D5 147 3 1
F5 147 3 1
A4 187 9 0
B4 265 3 0
D5 265 3 1
G5 265 3 0
A4 305 9 0
B2 30 3 0
D4 69 9 1
F3 147 3 1
D4 187 9 1
A3 265 3 0
B2 305 9 0
Measure Number: 109
A4 13 3 0
B4 24 3 0
F5 24 3 1
G4 60 9 0
F4 130 3 1
B4 130 3 0
E5 130 3 0
G4 166 9 0
E4 236 6 0
B4 236 6 0
D5 236 6 0
F4 293 6 0
E3 24 3 0
E4 60 9 0
B3 130 3 0
E4 166 9 0
G2 236 6 1
B3 293 6 0
Measure Number: 110
A4 95 6 1
D5 95 6 0
F5 95 6 0
B4 157 6 0
C5 218 6 1
F5 218 6 0
B5 218 6 0
D5 280 6 0
E5 355 6 0
B5 355 6 0
D6 355 6 0
F5 416 6 0
D3 95 6 0
F4 157 6 0
F3 218 6 0
G4 280 6 1
G3 355 6 1
B4 416 6 0
Measure Number: 111
E5 24 6 0
B5 24 6 0
D6 24 6 0
F5 78 6 0
D5 132 6 1
A5 132 6 0
C6 132 6 0
E5 187 6 0
D5 241 6 1
G5 241 6 0
B5 241 6 0
E5 295 6 0
G3 24 12 1
D4 24 12 0
F4 24 12 0
B4 24 12 0
A3 132 12 0
C4 132 12 0
E4 132 12 0
A4 132 12 0
B3 241 12 0
E4 241 12 0
G4 241 12 0
Measure Number: 112
D5 20 6 1
G5 20 6 0
B5 20 6 0
E5 73 6 0
D5 125 6 1
F5 125 6 1
A5 125 6 0
E5 178 6 0
D5 230 6 1
G5 230 6 0
B5 230 6 0
E5 283 6 0
B3 20 12 0
E4 20 12 0
G4 20 12 0
C4 125 12 0
E4 125 12 0
F4 137 12 1
B3 230 12 0
E4 230 12 0
G4 230 12 0
Measure Number: 113
D5 24 6 1
A5 24 6 0
D6 24 6 0
E5 74 6 0
D5 124 6 1
A5 124 6 0
C6 124 6 0
E5 174 6 0
G4 239 6 1
B4 239 6 0
D5 239 6 1
A4 289 6 0
A3 24 12 0
C4 24 12 0
E4 24 12 0
F4 36 12 1
rest 12
B2 239 12 0
B3 239 12 0
Measure Number: 114
F4 84 3 1
B4 84 3 0
E5 84 3 0
G4 121 9 0
A4 193 3 1
E5 193 3 0
G5 193 3 0
B4 230 9 0
A4 302 3 1
E5 302 3 0
G5 302 3 0
B4 339 9 0
rest 12
B3 193 24 0
E2 84 12 0
rest 12
B2 302 12 0
Measure Number: 115
A4 20 3 1
E5 20 3 0
G5 20 3 0
B4 58 9 0
B4 131 3 0
E5 131 3 0
A5 131 3 0
C5 168 9 0
A4 241 3 1
E5 241 3 0
G5 241 3 0
B4 278 9 0
rest 12
B3 131 24 0
B1 20 12 0
rest 12
B2 241 12 0
Measure Number: 116
A4 24 3 1
G5 24 3 0
B4 64 9 0
G4 143 3 1
B4 143 3 0
F5 143 3 1
A4 183 9 0
E4 262 3 1
A4 262 3 0
B4 274 3 0
F4 302 9 1
rest 12
B3 143 24 0
D2 24 12 1
rest 12
B2 262 12 0
Measure Number: 117
E4 20 3 1
A4 20 3 0
B4 32 3 0
F4 59 9 1
F4 133 3 1
A4 133 3 0
B4 145 3 0
G4 171 9 0
E4 246 3 1
A4 246 3 0
B4 258 3 0
F4 284 9 1
rest 12
B3 133 24 0
B1 20 12 0
rest 12
B2 246 12 0
Measure Number: 118
D4 93 6 1
G4 93 6 0
B4 93 6 0
E4 148 6 0
F4 202 6 1
B4 202 6 0
E5 202 6 0
G4 256 6 0
A4 310 6 1
E5 310 6 0
G5 310 6 0
B4 364 6 0
rest 12
C4 182 0 0
B3 202 24 0
E2 93 12 0
rest 12
B2 310 12 0
Measure Number: 119
A4 20 6 1
E5 20 6 0
G5 20 6 0
B4 75 6 0
B4 130 6 0
E5 130 6 0
A5 130 6 0
C5 185 6 0
A4 239 6 1
E5 239 6 0
G5 239 6 0
B4 294 6 0
rest 12
C4 111 0 0
B3 130 24 0
B1 20 12 0
rest 12
B2 239 12 0
Measure Number: 120
A4 24 6 1
G5 24 6 0
B4 83 6 0
G4 142 6 1
B4 142 6 0
E5 142 6 0
A4 201 6 0
E4 261 6 1
A4 261 6 0
B4 272 6 0
F4 320 6 1
rest 12
C4 123 0 0
B3 142 24 0
D2 24 12 1
rest 12
B2 261 12 0
Measure Number: 121
E4 20 6 1
A4 20 6 0
B4 32 6 0
F4 76 6 1
F4 132 6 1
A4 132 6 0
B4 144 6 0
G4 188 6 0
E4 244 6 1
A4 244 6 0
B4 256 6 0
F4 300 6 1
rest 12
C4 113 0 0
B3 132 24 0
B1 20 12 0
rest 12
B2 244 12 0
Measure Number: 122
D4 93 6 1
G4 93 6 0
B4 93 6 0
E4 130 6 0
F4 166 6 1
B4 166 6 0
E5 166 6 0
G4 202 6 0
A4 239 6 1
E5 239 6 0
G5 239 6 0
B4 275 6 0
E2 93 12 0
E3 166 12 0
G3 166 12 0
E4 166 12 0
D3 239 12 1
G3 239 12 0
E4 239 12 0
Measure Number: 123
D5 20 6 1
G5 20 6 0
B5 20 6 0
E5 57 6 0
F5 94 6 1
B5 94 6 0
E6 94 6 0
G5 131 6 0
A5 168 6 1
E6 168 6 0
G6 168 6 0
B5 204 6 0
D3 20 12 0
G3 20 12 0
E4 20 12 0
C3 94 12 0
G3 94 12 0
E4 94 12 0
B2 168 12 0
G3 168 12 0
E4 168 12 0
Measure Number: 124
F5 19 0 1
C6 19 0 1
F6 19 0 1
E7 48 12 0
rest 12
rest 12
A2 11 0 1
F3 11 0 1
E4 11 0 0
A1 48 12 1
rest 12
rest 12
Measure Number: 125
rest 36
rest 36
Measure Number: 126
B4 11 0 0
E5 11 0 0
B5 11 0 0
B6 35 12 0
rest 12
rest 12
G3 35 12 0
E4 35 12 0
rest 24
B2 35 24 0
A1 130 12 0
A2 130 12 0
Measure Number: 127
rest 36
G1 16 24 0
G2 16 24 0
C2 94 12 0
C3 94 12 0
Measure Number: 128
B4 9 0 0
F5 9 0 1
B5 9 0 0
B6 33 12 0
rest 12
rest 12
E4 33 36 0
B2 33 36 0
F3 33 36 1
Measure Number: 129
rest 36
D4 24 24 1
rest 12
Measure Number: 130
A4 73 0 0
G4 106 36 1
E4 110 36 0
E5 110 36 0
C3 87 0 1
B2 106 36 0
E2 106 36 0
Measure Number: 131
A4 7 0 0
G4 41 36 1
E4 45 36 0
E5 45 36 0
C3 22 0 1
B2 41 36 0
E2 41 36 0
Measure Number: 132
A4 7 0 0
G4 41 12 1
A4 75 0 0
G4 94 24 1
E4 45 36 0
E5 45 36 0
C3 22 0 1
B2 41 12 0
C3 75 0 1
B2 94 24 0
E2 41 36 0
Measure Number: 133
A4 7 0 0
G4 41 12 1
A4 75 0 0
G4 94 24 1
E4 45 36 0
E5 45 36 0
C3 22 0 1
B2 41 12 0
C3 75 0 1
B2 94 24 0
E2 41 36 0
Measure Number: 134
G4 20 36 1
E4 25 36 0
E5 25 36 0
B2 20 36 0
E2 20 36 0
Measure Number: 135
G4 20 36 1
E4 25 36 0
E5 25 36 0
B2 20 36 0
E2 20 36 0
Measure Number: 136
G4 20 36 1
E4 25 36 0
E5 25 36 0
B2 20 36 0
E2 20 36 0
Measure Number: 137
G4 20 36 1
F4 100 6 1
G4 120 6 1
B4 142 6 0
A4 163 6 0
G4 183 6 1
E4 25 36 0
E5 25 36 0
B2 20 36 0
A2 100 6 0
B2 120 6 0
D3 142 6 1
C3 163 6 1
B2 183 6 0
E2 20 36 0
Measure Number: 138
G4 20 36 1
E2 85 12 0
B2 106 12 0
E3 127 12 0
G3 149 12 1
B3 170 12 0
E4 191 12 0
F4 213 12 1
G4 234 12 1
B4 256 12 0
E5 277 12 0
F5 298 12 1
G5 320 12 1
B5 341 12 0
E6 362 12 0
F6 383 12 1
G6 409 24 1
E4 25 36 0
E5 25 36 0
E1 20 48 0
