Measure Number: 1
F4 118 4 1
E4 171 4 1
F4 225 4 1
G4 278 4 0
G4 332 4 1
A4 385 4 0
G4 439 4 1
F4 492 4 2
G4 546 4 1
A4 599 4 0
A4 653 4 1
B4 707 4 0
F3 118 4 1
E3 171 4 1
F3 225 4 1
G3 278 4 0
G3 332 4 1
A3 385 4 0
G3 439 4 1
F3 492 4 2
G3 546 4 1
A3 599 4 0
A3 653 4 1
B3 707 4 0
F1 118 4 1
F2 118 4 1
E1 171 4 1
E2 171 4 1
F1 225 4 1
F2 225 4 1
G1 278 4 0
G2 278 4 0
G1 332 4 1
G2 332 4 1
A1 385 4 0
A2 385 4 0
G1 439 4 1
G2 439 4 1
F1 492 4 2
F2 492 4 2
G1 546 4 1
G2 546 4 1
A1 599 4 0
A2 599 4 0
A1 653 4 1
A2 653 4 1
B1 707 4 0
B2 707 4 0
Measure Number: 2
A4 24 4 1
G4 77 4 2
A4 131 4 1
B3 185 4 0
B4 185 4 0
B3 238 4 1
B4 238 4 1
C4 292 4 1
C5 292 4 1
B3 345 4 1
B4 345 4 1
A3 399 4 2
A4 399 4 2
B3 452 4 1
B4 452 4 1
C4 506 4 1
C5 506 4 1
D4 559 4 0
D5 559 4 0
D4 613 4 1
D5 613 4 1
A3 24 4 1
G3 77 4 2
A3 131 4 1
A1 24 4 1
A2 24 4 1
G1 77 4 2
G2 77 4 2
A1 131 4 1
A2 131 4 1
B1 185 4 0
B2 185 4 0
B1 238 4 1
B2 238 4 1
C2 292 4 1
C3 292 4 1
B1 345 4 1
B2 345 4 1
A1 399 4 2
A2 399 4 2
B1 452 4 1
B2 452 4 1
C2 506 4 1
C3 506 4 1
D2 559 4 0
D3 559 4 0
D2 613 4 1
D3 613 4 1
Measure Number: 3
C4 108 4 2
C5 108 4 2
D4 147 4 1
D5 147 4 1
E4 186 4 0
E5 186 4 0
D4 225 4 1
D5 225 4 1
E4 264 4 0
E5 264 4 0
F4 303 4 0
F5 303 4 0
E4 342 4 0
E5 342 4 0
E4 381 4 1
E5 381 4 1
F4 420 4 1
F5 420 4 1
E4 459 4 1
E5 459 4 1
F4 498 4 1
F5 498 4 1
G4 537 4 0
G5 537 4 0
C2 108 4 2
C3 108 4 2
D2 147 4 1
D3 147 4 1
E2 186 4 0
E3 186 4 0
D2 225 4 1
D3 225 4 1
E2 264 4 0
E3 264 4 0
F2 303 4 0
F3 303 4 0
E2 342 4 0
E3 342 4 0
E2 381 4 1
E3 381 4 1
F2 420 4 1
F3 420 4 1
E2 459 4 1
E3 459 4 1
F2 498 4 1
F3 498 4 1
G2 537 4 0
G3 537 4 0
Measure Number: 4
F4 13 4 1
F5 13 4 1
F4 48 4 2
F5 48 4 2
G4 84 4 1
G5 84 4 1
F4 119 4 2
F5 119 4 2
G4 155 4 1
G5 155 4 1
A4 190 4 0
A5 190 4 0
F4 226 4 2
F5 226 4 2
G4 261 4 1
G5 261 4 1
A4 297 4 0
A5 297 4 0
G4 332 4 1
G5 332 4 1
A4 368 4 0
A5 368 4 0
A4 403 4 1
A5 403 4 1
F2 13 4 1
F3 13 4 1
F2 48 4 2
F3 48 4 2
G2 84 4 1
G3 84 4 1
F2 119 4 2
F3 119 4 2
G2 155 4 1
G3 155 4 1
A2 190 4 0
A3 190 4 0
F2 226 4 2
F3 226 4 2
G2 261 4 1
G3 261 4 1
A2 297 4 0
A3 297 4 0
G2 332 4 1
G3 332 4 1
A2 368 4 0
A3 368 4 0
A2 403 4 1
A3 403 4 1
Measure Number: 5
B4 16 4 0
B5 16 4 0
A4 57 4 1
A5 57 4 1
B4 96 4 0
B5 96 4 0
A4 136 4 1
A5 136 4 1
A4 175 4 0
A5 175 4 0
G4 214 4 1
G5 214 4 1
A4 254 4 0
A5 254 4 0
G4 293 4 1
G5 293 4 1
A4 332 4 0
A5 332 4 0
G4 371 4 1
G5 371 4 1
G4 411 4 0
G5 411 4 0
F4 450 4 1
F5 450 4 1
D5 20 24 0
D5 258 24 0
B2 16 4 0
B3 16 4 0
A2 57 4 1
A3 57 4 1
B2 96 4 0
B3 96 4 0
A2 136 4 1
A3 136 4 1
A2 175 4 0
A3 175 4 0
G2 214 4 1
G3 214 4 1
A2 254 4 0
A3 254 4 0
G2 293 4 1
G3 293 4 1
A2 332 4 0
A3 332 4 0
G2 371 4 1
G3 371 4 1
G2 411 4 0
G3 411 4 0
F2 450 4 1
F3 450 4 1
D3 20 24 0
D3 258 24 0
Measure Number: 6
G4 91 4 0
G5 91 4 0
F4 130 4 1
F5 130 4 1
G4 170 4 0
G5 170 4 0
F4 209 4 1
F5 209 4 1
F4 249 4 0
F5 249 4 0
E4 289 4 0
E5 289 4 0
D4 335 4 1
D5 335 4 1
D4 374 4 0
D5 374 4 0
C4 414 4 1
C5 414 4 1
B3 454 12 0
F4 454 12 1
B4 454 12 0
B4 95 12 0
B4 214 12 0
F4 339 12 1
G2 91 4 0
G3 91 4 0
F2 130 4 1
F3 130 4 1
G2 170 4 0
G3 170 4 0
F2 209 4 1
F3 209 4 1
F2 249 4 0
F3 249 4 0
E2 289 4 0
E3 289 4 0
D2 335 4 1
D3 335 4 1
D2 374 4 0
D3 374 4 0
C2 414 4 1
C3 414 4 1
B1 454 12 0
F2 454 12 1
B2 454 12 0
B2 95 12 0
B2 214 12 0
F2 339 12 1
Measure Number: 7
B3 17 4 0
B4 17 4 0
A3 54 4 1
A4 54 4 1
B3 93 4 0
B4 93 4 0
C4 132 4 1
C5 132 4 1
D4 172 4 0
D5 172 4 0
E4 211 4 0
E5 211 4 0
D4 255 4 0
D5 255 4 0
C4 290 4 1
C5 290 4 1
B3 329 4 0
B4 329 4 0
A3 369 4 1
A4 369 4 1
B3 408 4 0
B4 408 4 0
C4 447 4 1
C5 447 4 1
G4 13 24 0
F4 250 12 1
rest 12
B1 17 4 0
B2 17 4 0
A1 54 4 1
A2 54 4 1
B1 93 4 0
B2 93 4 0
C2 132 4 1
C3 132 4 1
D2 172 4 0
D3 172 4 0
E2 211 4 0
E3 211 4 0
D2 255 4 0
D3 255 4 0
C2 290 4 1
C3 290 4 1
B1 329 4 0
B2 329 4 0
A1 369 4 1
A2 369 4 1
B1 408 4 0
B2 408 4 0
C2 447 4 1
C3 447 4 1
G2 13 24 0
F2 250 12 1
rest 12
Measure Number: 8
B3 17 4 0
B4 17 4 0
A3 54 4 1
A4 54 4 1
B3 93 4 0
B4 93 4 0
C4 132 4 1
C5 132 4 1
D4 172 4 0
D5 172 4 0
E4 211 4 0
E5 211 4 0
D4 255 4 0
D5 255 4 0
C4 290 4 1
C5 290 4 1
B3 329 4 0
B4 329 4 0
A3 369 4 1
A4 369 4 1
B3 408 4 0
B4 408 4 0
C4 447 4 1
C5 447 4 1
G4 13 24 0
F4 250 12 1
rest 12
B1 17 4 0
B2 17 4 0
A1 54 4 1
A2 54 4 1
B1 93 4 0
B2 93 4 0
C2 132 4 1
C3 132 4 1
D2 172 4 0
D3 172 4 0
E2 211 4 0
E3 211 4 0
D2 255 4 0
D3 255 4 0
C2 290 4 1
C3 290 4 1
B1 329 4 0
B2 329 4 0
A1 369 4 1
A2 369 4 1
B1 408 4 0
B2 408 4 0
C2 447 4 1
C3 447 4 1
G2 13 24 0
F2 250 12 1
rest 12
Measure Number: 9
D4 105 4 0
D5 105 4 0
C4 136 4 1
C5 136 4 1
D4 171 4 0
D5 171 4 0
E4 206 4 0
E5 206 4 0
F4 241 4 0
F5 241 4 0
G4 276 4 0
G5 276 4 0
F4 315 4 0
F5 315 4 0
E4 345 4 0
E5 345 4 0
D4 380 4 0
D5 380 4 0
C4 415 4 1
C5 415 4 1
D4 450 4 0
D5 450 4 0
E4 485 4 0
E5 485 4 0
B4 101 24 -1
A4 311 12 0
rest 12
D2 105 4 0
D3 105 4 0
C2 136 4 1
C3 136 4 1
D2 171 4 0
D3 171 4 0
E2 206 4 0
E3 206 4 0
F2 241 4 0
F3 241 4 0
G2 276 4 0
G3 276 4 0
F2 315 4 0
F3 315 4 0
E2 345 4 0
E3 345 4 0
D2 380 4 0
D3 380 4 0
C2 415 4 1
C3 415 4 1
D2 450 4 0
D3 450 4 0
E2 485 4 0
E3 485 4 0
B2 101 24 -1
A2 311 12 0
rest 12
Measure Number: 10
D4 23 4 0
D5 23 4 0
C4 54 4 1
C5 54 4 1
D4 89 4 0
D5 89 4 0
E4 123 4 0
E5 123 4 0
F4 158 4 0
F5 158 4 0
G4 193 4 0
G5 193 4 0
F4 232 4 0
F5 232 4 0
E4 263 4 0
E5 263 4 0
D4 298 4 0
D5 298 4 0
C4 333 4 1
C5 333 4 1
D4 368 4 0
D5 368 4 0
E4 403 4 0
E5 403 4 0
B4 19 24 -1
A4 228 12 0
rest 12
D2 23 4 0
D3 23 4 0
C2 54 4 1
C3 54 4 1
D2 89 4 0
D3 89 4 0
E2 123 4 0
E3 123 4 0
F2 158 4 0
F3 158 4 0
G2 193 4 0
G3 193 4 0
F2 232 4 0
F3 232 4 0
E2 263 4 0
E3 263 4 0
D2 298 4 0
D3 298 4 0
C2 333 4 1
C3 333 4 1
D2 368 4 0
D3 368 4 0
E2 403 4 0
E3 403 4 0
B2 19 24 -1
A2 228 12 0
rest 12
Measure Number: 11
E4 35 4 0
E5 35 4 0
D4 73 4 1
D5 73 4 1
E4 115 4 0
E5 115 4 0
E4 158 4 1
E5 158 4 1
F4 200 4 1
F5 200 4 1
G4 242 4 0
G5 242 4 0
F4 297 4 1
F5 297 4 1
E4 335 4 1
E5 335 4 1
F4 378 4 1
F5 378 4 1
G4 420 4 0
G5 420 4 0
G4 462 4 1
G5 462 4 1
A4 505 4 0
A5 505 4 0
B4 19 12 -1
C5 31 12 1
C5 281 12 0
D5 293 12 1
G2 31 4 0
G3 31 4 0
F2 73 4 1
F3 73 4 1
G2 115 4 0
G3 115 4 0
G2 158 4 1
G3 158 4 1
A2 200 4 0
A3 200 4 0
B2 242 4 -1
B3 242 4 -1
A2 293 4 0
A3 293 4 0
G2 335 4 1
G3 335 4 1
A2 378 4 0
A3 378 4 0
A2 420 4 1
A3 420 4 1
B2 462 4 0
B3 462 4 0
C3 505 4 0
C4 505 4 0
Measure Number: 12
A4 139 4 1
A5 139 4 1
B4 185 4 0
B5 185 4 0
C5 245 4 0
C6 245 4 0
C5 310 4 1
C6 310 4 1
D5 366 4 0
D6 366 4 0
D5 427 4 1
D6 427 4 1
E5 505 4 0
E6 505 4 0
E5 561 4 1
E6 561 4 1
F5 621 4 1
F6 621 4 1
G5 686 4 0
G6 686 4 0
G5 742 4 0
G6 742 4 0
F5 803 4 1
F6 803 4 1
E5 124 12 0
G5 124 12 0
G5 294 12 0
A5 306 12 1
B5 489 12 -1
C6 501 12 1
C6 682 12 1
E6 682 12 0
C3 124 4 1
C4 124 4 1
D3 185 4 0
D4 185 4 0
D3 245 4 1
D4 245 4 1
E3 306 4 0
E4 306 4 0
E3 366 4 1
E4 366 4 1
F3 427 4 1
F4 427 4 1
G3 501 4 0
G4 501 4 0
G3 561 4 1
G4 561 4 1
A3 621 4 0
A4 621 4 0
A3 682 4 1
A4 682 4 1
B3 742 4 0
B4 742 4 0
C4 803 4 1
C5 803 4 1
Measure Number: 13
B5 17 4 0
B6 17 4 0
A5 65 4 1
A6 65 4 1
B5 117 4 0
B6 117 4 0
A5 169 4 1
A6 169 4 1
A5 221 4 0
A6 221 4 0
G5 273 4 1
G6 273 4 1
A5 329 4 0
A6 329 4 0
G5 378 4 1
G6 378 4 1
A5 430 4 0
A6 430 4 0
G5 482 4 1
G6 482 4 1
G5 534 4 0
G6 534 4 0
F5 586 4 1
F6 586 4 1
D6 13 24 0
D6 325 24 0
B3 17 4 0
B4 17 4 0
A3 65 4 1
A4 65 4 1
B3 117 4 0
B4 117 4 0
A3 169 4 1
A4 169 4 1
A3 221 4 0
A4 221 4 0
G3 273 4 1
G4 273 4 1
A3 329 4 0
A4 329 4 0
G3 378 4 1
G4 378 4 1
A3 430 4 0
A4 430 4 0
G3 482 4 1
G4 482 4 1
G3 534 4 0
G4 534 4 0
F3 586 4 1
F4 586 4 1
D4 13 24 0
D4 325 24 0
Measure Number: 14
G5 94 4 0
G6 94 4 0
F5 135 4 1
F6 135 4 1
G5 177 4 0
G6 177 4 0
F5 218 4 1
F6 218 4 1
F5 259 4 0
F6 259 4 0
E5 300 4 0
E6 300 4 0
D5 346 4 1
D6 346 4 1
D5 388 4 0
D6 388 4 0
C5 429 4 1
C6 429 4 1
B4 470 12 0
F5 470 12 1
B5 470 12 0
B5 98 12 0
B5 222 12 0
F5 351 12 1
G3 94 4 0
G4 94 4 0
F3 135 4 1
F4 135 4 1
G3 177 4 0
G4 177 4 0
F3 218 4 1
F4 218 4 1
F3 259 4 0
F4 259 4 0
E3 300 4 0
E4 300 4 0
D3 346 4 1
D4 346 4 1
D3 388 4 0
D4 388 4 0
C3 429 4 1
C4 429 4 1
B2 470 12 0
F3 470 12 1
B3 470 12 0
B3 98 12 0
B3 222 12 0
F3 351 12 1
Measure Number: 15
B4 16 4 0
B5 16 4 0
A4 57 4 1
A5 57 4 1
B4 95 4 0
B5 95 4 0
C5 133 4 1
C6 133 4 1
D5 172 4 0
D6 172 4 0
E5 210 4 0
E6 210 4 0
D5 248 4 0
D6 248 4 0
C5 286 4 1
C6 286 4 1
B4 324 4 0
B5 324 4 0
A4 362 4 1
A5 362 4 1
B4 400 4 0
B5 400 4 0
C5 439 4 1
C6 439 4 1
G5 20 24 0
F5 252 12 1
rest 12
B2 16 4 0
B3 16 4 0
A2 57 4 1
A3 57 4 1
B2 95 4 0
B3 95 4 0
C3 133 4 1
C4 133 4 1
D3 172 4 0
D4 172 4 0
E3 210 4 0
E4 210 4 0
D3 248 4 0
D4 248 4 0
C3 286 4 1
C4 286 4 1
B2 324 4 0
B3 324 4 0
A2 362 4 1
A3 362 4 1
B2 400 4 0
B3 400 4 0
C3 439 4 1
C4 439 4 1
G3 20 24 0
F3 252 12 1
rest 12
Measure Number: 16
B4 16 4 0
B5 16 4 0
A4 57 4 1
A5 57 4 1
B4 95 4 0
B5 95 4 0
C5 133 4 1
C6 133 4 1
D5 172 4 0
D6 172 4 0
E5 210 4 0
E6 210 4 0
D5 248 4 0
D6 248 4 0
C5 286 4 1
C6 286 4 1
B4 324 4 0
B5 324 4 0
A4 362 4 1
A5 362 4 1
B4 400 4 0
B5 400 4 0
C5 439 4 1
C6 439 4 1
G5 20 24 0
F5 252 12 1
rest 12
B2 16 4 0
B3 16 4 0
A2 57 4 1
A3 57 4 1
B2 95 4 0
B3 95 4 0
C3 133 4 1
C4 133 4 1
D3 172 4 0
D4 172 4 0
E3 210 4 0
E4 210 4 0
D3 248 4 0
D4 248 4 0
C3 286 4 1
C4 286 4 1
B2 324 4 0
B3 324 4 0
A2 362 4 1
A3 362 4 1
B2 400 4 0
B3 400 4 0
C3 439 4 1
C4 439 4 1
G3 20 24 0
F3 252 12 1
rest 12
Measure Number: 17
B4 100 4 0
B5 100 4 0
A4 153 4 1
A5 153 4 1
B4 191 4 0
B5 191 4 0
C5 228 4 0
C6 228 4 0
C5 266 4 1
C6 266 4 1
D5 303 4 0
D6 303 4 0
C5 341 4 1
C6 341 4 1
C5 391 4 0
C6 391 4 0
B4 429 4 0
B5 429 4 0
A4 466 4 1
A5 466 4 1
B4 504 4 0
B5 504 4 0
C5 541 4 1
C6 541 4 1
F5 104 24 0
G5 116 24 0
F5 345 12 0
G5 357 12 0
F5 470 12 0
G5 482 12 0
B2 100 4 0
B3 100 4 0
A2 153 4 1
A3 153 4 1
B2 191 4 0
B3 191 4 0
C3 228 4 0
C4 228 4 0
C3 266 4 1
C4 266 4 1
D3 303 4 0
D4 303 4 0
C3 341 4 1
C4 341 4 1
C3 391 4 0
C4 391 4 0
B2 429 4 0
B3 429 4 0
A2 466 4 1
A3 466 4 1
B2 504 4 0
B3 504 4 0
C3 541 4 1
C4 541 4 1
F3 104 24 0
G3 116 24 0
F3 345 12 0
G3 357 12 0
F3 470 12 0
G3 482 12 0
Measure Number: 18
B4 15 4 0
B5 15 4 0
A4 68 4 1
A5 68 4 1
B4 107 4 0
B5 107 4 0
C5 146 4 0
F5 134 4 0
G5 146 4 0
C6 146 4 0
C5 185 4 1
C6 185 4 1
D5 223 4 0
F5 211 4 0
G5 223 4 0
D6 223 4 0
C5 261 4 1
C6 261 4 1
C5 311 4 0
C6 311 4 0
B4 349 4 0
B5 349 4 0
A4 388 4 1
A5 388 4 1
B4 426 4 0
B5 426 4 0
E4 479 4 1
B4 467 4 0
C5 479 4 1
E5 479 4 1
F5 19 12 0
G5 31 12 0
F5 265 12 0
G5 277 12 0
B2 15 4 0
B3 15 4 0
A2 68 4 1
A3 68 4 1
B2 107 4 0
B3 107 4 0
C3 146 4 0
F3 134 4 0
G3 146 4 0
C4 146 4 0
C3 185 4 1
C4 185 4 1
D3 223 4 0
F3 211 4 0
G3 223 4 0
D4 223 4 0
C3 261 4 1
C4 261 4 1
C3 311 4 0
C4 311 4 0
B2 349 4 0
B3 349 4 0
A2 388 4 1
A3 388 4 1
B2 426 4 0
B3 426 4 0
G2 479 4 0
B2 467 4 0
C3 479 4 1
G3 479 4 0
F3 19 12 0
G3 31 12 0
F3 265 12 0
G3 277 12 0
Measure Number: 19
F4 20 4 1
F5 20 4 1
G4 74 4 0
G5 74 4 0
F4 103 4 1
F5 103 4 1
E4 132 4 1
E5 132 4 1
F4 162 4 1
F5 162 4 1
G4 191 4 0
G5 191 4 0
F4 220 4 1
F5 220 4 1
E4 255 4 1
E5 255 4 1
F4 285 4 1
F5 285 4 1
G4 314 4 0
G5 314 4 0
F4 349 4 1
F5 349 4 1
E4 378 4 1
E5 378 4 1
B4 25 24 0
C5 36 24 1
B4 224 12 0
C5 236 12 1
B4 318 12 0
C5 330 12 1
F2 20 4 1
F3 20 4 1
E2 74 4 1
E3 74 4 1
F2 103 4 1
F3 103 4 1
G2 132 4 0
G3 132 4 0
F2 162 4 1
F3 162 4 1
E2 191 4 1
E3 191 4 1
F2 220 4 1
F3 220 4 1
G2 255 4 0
G3 255 4 0
F2 285 4 1
F3 285 4 1
E2 314 4 1
E3 314 4 1
F2 349 4 1
F3 349 4 1
G2 378 4 0
G3 378 4 0
B2 25 24 0
C3 36 24 1
B2 224 12 0
C3 236 12 1
B2 318 12 0
C3 330 12 1
Measure Number: 20
F4 91 4 1
F5 91 4 1
G4 125 4 0
G5 125 4 0
F4 159 4 1
F5 159 4 1
E4 194 4 1
E5 194 4 1
F4 228 4 1
F5 228 4 1
G4 263 4 0
G5 263 4 0
F4 297 4 1
F5 297 4 1
E4 331 4 1
E5 331 4 1
F4 366 4 1
F5 366 4 1
G4 400 4 0
G5 400 4 0
F4 435 4 1
F5 435 4 1
G4 469 4 0
G5 469 4 0
F2 91 4 1
F3 91 4 1
B2 125 4 0
B3 125 4 0
A2 159 4 1
A3 159 4 1
A2 194 4 0
A3 194 4 0
A2 228 4 1
A3 228 4 1
B2 263 4 0
B3 263 4 0
B2 297 4 1
B3 297 4 1
C3 331 4 1
C4 331 4 1
D3 366 4 0
D4 366 4 0
D3 400 4 1
D4 400 4 1
E3 435 4 0
E4 435 4 0
E3 469 4 -1
E4 469 4 -1
Measure Number: 21
F4 21 4 1
F5 21 4 1
G4 60 4 0
G5 60 4 0
A4 99 4 -1
A5 99 4 -1
G4 138 4 0
G5 138 4 0
G4 176 4 1
G5 176 4 1
A4 215 4 0
A5 215 4 0
G4 254 4 1
G5 254 4 1
A4 293 4 0
A5 293 4 0
B4 332 4 -1
B5 332 4 -1
A4 371 4 0
A5 371 4 0
A4 410 4 1
A5 410 4 1
B4 448 4 0
B5 448 4 0
E3 21 4 0
E4 21 4 0
E3 60 4 -1
E4 60 4 -1
D3 99 4 0
D4 99 4 0
E3 138 4 -1
E4 138 4 -1
D3 176 4 0
D4 176 4 0
C3 215 4 1
C4 215 4 1
D3 254 4 0
D4 254 4 0
C3 293 4 1
C4 293 4 1
C3 332 4 0
C4 332 4 0
C3 371 4 1
C4 371 4 1
C3 410 4 0
C4 410 4 0
B2 448 4 0
B3 448 4 0
Measure Number: 22
A4 24 4 1
A5 24 4 1
B4 65 4 0
B5 65 4 0
C5 106 4 0
C6 106 4 0
C5 146 4 1
C6 146 4 1
D5 187 4 0
D6 187 4 0
E5 228 4 -1
E6 228 4 -1
E5 269 4 0
E6 269 4 0
F5 310 4 0
F6 310 4 0
F5 350 4 1
F6 350 4 1
G5 391 4 0
G6 391 4 0
G5 432 4 1
G6 432 4 1
A5 473 4 1
A6 473 4 1
C3 24 4 0
C4 24 4 0
B2 65 4 0
B3 65 4 0
B2 106 4 -1
B3 106 4 -1
A2 146 4 0
A3 146 4 0
A2 187 4 -1
A3 187 4 -1
G2 228 4 0
G3 228 4 0
G2 269 4 -1
G3 269 4 -1
F2 310 4 0
F3 310 4 0
E2 350 4 0
E3 350 4 0
E2 391 4 -1
E3 391 4 -1
D2 432 4 0
D3 432 4 0
C2 473 4 1
C3 473 4 1
Measure Number: 23
B5 124 4 0
D6 124 4 0
F6 112 4 0
G6 124 4 1
B6 124 4 0
B5 199 4 0
B6 199 4 0
C6 237 4 0
C7 237 4 0
C6 275 4 1
C7 275 4 1
D6 313 4 0
D7 313 4 0
B5 351 4 0
B6 351 4 0
A5 389 4 -1
A6 389 4 -1
F5 427 4 0
F6 427 4 0
F5 465 4 1
F6 465 4 1
G5 503 4 0
G6 503 4 0
A5 541 4 -1
A6 541 4 -1
F5 579 4 0
F6 579 4 0
B1 124 4 0
F2 124 4 0
G2 136 4 1
B2 124 4 0
G4 199 4 1
G5 199 4 1
G4 237 4 0
G5 237 4 0
F4 275 4 1
F5 275 4 1
E4 313 4 1
E5 313 4 1
G4 351 4 1
G5 351 4 1
F4 389 4 0
F5 389 4 0
D4 427 4 0
D5 427 4 0
C4 465 4 1
C5 465 4 1
C4 503 4 0
C5 503 4 0
B3 541 4 0
B4 541 4 0
D4 579 4 0
D5 579 4 0
Measure Number: 24
D5 16 4 0
D6 16 4 0
B4 57 4 0
B5 57 4 0
C5 97 4 0
C6 97 4 0
C5 138 4 1
C6 138 4 1
D5 179 4 0
D6 179 4 0
B4 220 4 0
B5 220 4 0
G4 285 4 0
G5 285 4 0
A4 325 4 -1
A5 325 4 -1
F4 366 4 0
F5 366 4 0
C4 407 4 1
C5 407 4 1
D4 447 4 0
D5 447 4 0
B3 488 4 0
B4 488 4 0
B3 16 4 0
B4 16 4 0
G3 57 4 1
G4 57 4 1
G3 97 4 0
G4 97 4 0
F3 138 4 1
F4 138 4 1
E3 179 4 1
E4 179 4 1
G3 220 4 1
G4 220 4 1
C3 285 4 0
C4 285 4 0
B2 325 4 0
B3 325 4 0
D3 366 4 0
D4 366 4 0
F2 407 4 2
F3 407 4 2
E2 447 4 1
E3 447 4 1
G2 488 4 1
G3 488 4 1
Measure Number: 25
B3 16 4 0
B4 16 4 0
F4 44 4 1
A4 77 4 1
C4 105 4 1
C5 105 4 1
A4 133 4 1
D4 162 4 0
D5 162 4 0
A4 190 4 1
B4 218 4 0
E4 246 4 0
E5 246 4 0
C4 274 4 1
C5 274 4 1
D4 302 4 0
D5 302 4 0
G4 331 4 0
G5 331 4 0
F3 44 4 1
A3 77 4 1
A3 133 4 1
A3 190 4 1
B3 218 4 0
F1 16 8 1
F2 16 8 1
A1 77 4 1
A2 77 4 1
C2 105 4 1
C3 105 4 1
A1 133 4 1
A2 133 4 1
D2 162 4 0
D3 162 4 0
A1 190 4 1
A2 190 4 1
B1 218 4 0
B2 218 4 0
E2 246 4 0
E3 246 4 0
C2 274 4 1
C3 274 4 1
D2 302 4 0
D3 302 4 0
G2 331 4 0
G3 331 4 0
Measure Number: 26
E4 106 4 1
E5 106 4 1
F4 147 4 1
F5 147 4 1
A4 188 4 1
A5 188 4 1
C5 229 4 1
C6 229 4 1
A4 270 4 1
A5 270 4 1
D5 311 4 0
D6 311 4 0
A4 352 4 1
A5 352 4 1
B4 393 4 0
B5 393 4 0
E5 434 4 0
E6 434 4 0
C5 475 4 1
C6 475 4 1
D5 516 4 0
D6 516 4 0
G5 557 4 0
G6 557 4 0
E2 106 4 1
E3 106 4 1
F2 147 4 1
F3 147 4 1
A2 188 4 1
A3 188 4 1
C3 229 4 1
C4 229 4 1
A2 270 4 1
A3 270 4 1
D3 311 4 0
D4 311 4 0
A2 352 4 1
A3 352 4 1
B2 393 4 0
B3 393 4 0
E3 434 4 0
E4 434 4 0
C3 475 4 1
C4 475 4 1
D3 516 4 0
D4 516 4 0
G3 557 4 0
G4 557 4 0
Measure Number: 27
E5 24 4 1
E6 24 4 1
F5 73 4 1
F6 73 4 1
A5 122 4 1
A6 122 4 1
C6 185 4 1
C7 185 4 1
A5 234 4 1
A6 234 4 1
D6 283 4 0
D7 283 4 0
A3 334 24 2
C4 334 24 2
F4 334 24 2
A4 334 24 2
E3 24 4 1
E4 24 4 1
F3 73 4 1
F4 73 4 1
A3 122 4 1
A4 122 4 1
C4 185 4 1
C5 185 4 1
A3 234 4 1
A4 234 4 1
D4 283 4 0
D5 283 4 0
E1 334 24 1
E2 334 24 1
Measure Number: 28
B3 31 4 1
F4 31 4 2
B4 31 4 1
D4 75 4 1
G4 75 4 2
C4 119 4 1
A4 119 4 1
C4 163 6 1
E4 163 6 0
F4 175 6 1
rest 6
rest 12
A3 119 4 1
F3 163 6 1
D1 31 4 2
D2 31 4 2
E1 75 4 1
E2 75 4 1
F1 119 4 1
F2 119 4 1
A1 163 6 1
A2 163 6 1
rest 6
rest 12
Measure Number: 29
E5 143 36 0
E4 143 36 0
Measure Number: 30
E5 16 12 0
F5 94 12 1
C5 173 12 1
E4 16 12 0
F4 94 12 1
C4 173 12 1
Measure Number: 31
D4 13 6 1
D5 13 6 1
E4 59 6 0
E5 59 6 0
D4 105 6 1
D5 105 6 1
C4 152 6 1
C5 152 6 1
D4 198 6 1
D5 198 6 1
E4 245 6 0
E5 245 6 0
B2 13 24 0
F3 13 24 1
E2 198 12 0
G3 198 12 1
Measure Number: 32
D4 13 6 1
D5 13 6 1
C4 62 6 1
C5 62 6 1
B3 112 6 0
B4 112 6 0
C4 162 6 1
C5 162 6 1
D4 212 6 1
D5 212 6 1
B3 262 6 0
B4 262 6 0
F2 13 12 1
E3 13 12 0
A3 13 12 1
rest 12
B2 212 12 0
F3 112 24 1
Measure Number: 33
D4 13 6 1
D5 13 6 1
E4 62 6 0
E5 62 6 0
E4 111 6 1
E5 111 6 1
F4 160 6 1
F5 160 6 1
A4 209 6 1
A5 209 6 1
G4 259 6 1
G5 259 6 1
rest 12
B3 111 24 0
D3 111 12 1
E3 209 12 0
C4 209 12 1
Measure Number: 34
F4 121 6 1
F5 121 6 1
E4 176 6 0
E5 176 6 0
D4 232 6 1
D5 232 6 1
C4 288 6 1
C5 288 6 1
D4 343 6 1
D5 343 6 1
B4 399 6 0
rest 12
F2 232 12 1
E3 232 12 0
A3 232 12 1
B2 343 12 0
D3 343 12 1
B3 343 12 0
Measure Number: 35
C4 20 6 1
C5 20 6 1
D4 77 6 1
D5 77 6 1
C4 133 6 1
C5 133 6 1
G4 189 6 1
G5 189 6 1
B4 245 6 0
B5 245 6 0
D5 301 6 1
D6 301 6 1
G2 20 12 1
E3 20 12 1
B3 20 12 0
C2 133 12 1
B3 245 12 0
E4 245 12 1
Measure Number: 36
C5 16 6 1
C6 16 6 1
D5 73 6 1
D6 73 6 1
C5 131 6 1
C6 131 6 1
A4 188 6 1
A5 188 6 1
G4 246 6 1
G5 246 6 1
A4 303 6 1
A5 303 6 1
F3 16 12 1
A3 16 12 1
F4 16 12 1
A2 131 12 1
F3 131 12 1
C4 131 12 1
B2 246 12 0
F3 246 12 1
D4 246 12 1
Measure Number: 37
G4 13 6 1
G5 13 6 1
F4 65 6 1
F5 65 6 1
D4 118 6 1
D5 118 6 1
F4 171 6 1
F5 171 6 1
D4 224 6 1
D5 224 6 1
C4 276 6 1
C5 276 6 1
rest 12
B3 118 12 0
C3 224 12 1
A3 224 12 1
Measure Number: 38
G3 133 12 1
G4 133 12 1
F4 218 12 1
E4 283 12 0
A3 208 24 1
A4 208 24 1
E3 133 12 1
rest 12
F3 283 12 1
C3 133 12 1
F2 208 24 1
C3 208 24 1
Measure Number: 39
D4 13 6 1
F4 13 6 1
A3 61 6 1
A4 61 6 1
B3 110 6 0
B4 110 6 0
C4 158 6 1
C5 158 6 1
D4 207 6 1
D5 207 6 1
F4 236 0 1
F5 236 0 1
E4 255 6 0
E5 255 6 0
B2 13 12 0
F3 13 12 1
rest 12
E2 207 12 0
G3 207 12 1
Measure Number: 40
D4 13 6 1
D5 13 6 1
C4 58 6 1
C5 58 6 1
B3 103 6 0
B4 103 6 0
C4 148 6 1
C5 148 6 1
D4 194 6 1
D5 194 6 1
B3 239 6 0
B4 239 6 0
F2 13 12 1
E3 13 12 0
A3 13 12 1
rest 12
B2 194 12 0
F3 103 24 1
Measure Number: 41
D4 13 6 1
D5 13 6 1
E4 57 6 0
E5 57 6 0
E4 101 6 1
E5 101 6 1
F4 145 6 1
F5 145 6 1
A4 189 6 1
A5 189 6 1
G4 233 6 1
G5 233 6 1
rest 12
B3 101 24 0
D3 101 12 1
E3 189 12 0
C4 189 12 1
Measure Number: 42
F4 13 6 1
F5 13 6 1
E4 57 6 0
E5 57 6 0
D4 101 6 1
D5 101 6 1
C4 145 6 1
C5 145 6 1
D4 189 6 1
D5 189 6 1
B4 233 6 0
rest 12
F2 101 12 1
E3 101 12 0
A3 101 12 1
B2 189 12 0
D3 189 12 1
B3 189 12 0
Measure Number: 43
C4 138 6 2
C5 138 6 2
D4 187 6 1
D5 187 6 1
E4 237 6 0
E5 237 6 0
D4 287 6 1
D5 287 6 1
F4 337 6 1
F5 337 6 1
E4 387 6 0
E5 387 6 0
F3 138 12 1
A3 138 12 0
G3 237 12 1
rest 12
B2 138 24 1
C3 337 12 1
Measure Number: 44
E4 30 6 1
E5 30 6 1
F4 83 6 1
F5 83 6 1
G4 136 6 1
G5 136 6 1
F4 188 6 1
F5 188 6 1
A4 241 6 0
A5 241 6 0
G4 294 6 1
G5 294 6 1
A3 30 12 0
C4 30 12 0
B3 136 12 0
rest 12
D3 30 24 1
E3 241 12 0
Measure Number: 45
F4 22 6 2
F5 22 6 2
G4 79 6 1
G5 79 6 1
A4 136 6 1
A5 136 6 1
G4 193 6 1
G5 193 6 1
B4 250 9 0
B5 250 9 0
A4 320 3 1
A5 320 3 1
B3 22 12 0
D4 22 12 0
C4 136 6 1
B3 193 6 0
D4 250 9 0
C4 320 3 1
E3 22 36 1
Measure Number: 46
A4 16 6 1
A5 16 6 1
G4 75 6 1
G5 75 6 1
F4 135 6 2
F5 135 6 2
G4 194 6 1
G5 194 6 1
B4 254 9 0
B5 254 9 0
rest 3
C4 16 6 1
B3 75 6 0
A3 135 6 1
B3 194 6 0
D4 254 9 0
rest 3
E3 16 24 1
E3 254 9 1
rest 3
Measure Number: 47
D5 120 0 1
D5 147 6 1
D6 147 6 1
C5 209 6 1
C6 209 6 1
B4 271 6 0
B5 271 6 0
A4 332 6 1
A5 332 6 1
B4 394 6 0
B5 394 6 0
G4 455 6 1
G5 455 6 1
E4 147 12 0
G4 147 12 0
D4 271 6 1
F4 271 6 1
C4 332 6 2
E4 332 6 1
D4 394 6 1
F4 394 6 1
B3 455 6 0
D4 455 6 0
Measure Number: 48
A4 33 6 1
A5 33 6 1
G4 89 6 1
G5 89 6 1
F4 145 6 1
F5 145 6 1
E4 201 6 1
E5 201 6 1
F4 256 6 1
F5 256 6 1
D4 312 6 1
D5 312 6 1
C4 33 12 1
E4 33 12 0
A3 145 6 1
C4 145 6 1
G3 201 6 2
B3 201 6 1
A3 256 6 1
C4 256 6 1
F3 312 6 1
A3 312 6 0
Measure Number: 49
G4 23 6 1
G5 23 6 1
F4 72 6 1
F5 72 6 1
E4 121 6 0
E5 121 6 0
D4 170 6 1
D5 170 6 1
E4 219 6 0
E5 219 6 0
C4 268 6 1
C5 268 6 1
G3 27 24 1
E3 219 12 0
G3 219 12 0
B2 23 12 1
D4 23 12 1
C3 121 12 1
C4 121 12 1
Measure Number: 50
A3 16 12 1
E4 16 12 0
A4 16 12 1
B3 103 6 0
D4 103 6 1
B4 103 6 0
rest 6
B3 213 12 1
B4 213 12 1
F3 16 36 1
F2 16 12 1
B2 103 6 0
rest 6
rest 12
Measure Number: 51
C4 130 12 1
C5 130 12 1
B3 221 6 1
B4 221 6 1
C4 278 6 1
C5 278 6 1
E4 339 6 0
E5 339 6 0
D4 392 6 1
D5 392 6 1
A4 335 12 0
A2 130 24 0
F3 130 24 1
F2 335 12 1
A3 335 12 0
Measure Number: 52
C4 17 6 1
C5 17 6 1
B3 77 6 1
B4 77 6 1
A3 133 6 1
A4 133 6 1
B3 193 6 1
B4 193 6 1
C4 253 6 1
C5 253 6 1
D4 313 6 1
D5 313 6 1
A4 13 6 0
G4 73 6 1
G2 13 24 1
C3 253 12 1
A3 13 6 0
G3 73 6 1
G3 133 6 0
F3 193 6 1
E3 253 12 0
Measure Number: 53
E4 20 6 0
E5 20 6 0
F4 71 6 1
F5 71 6 1
D4 122 6 1
D5 122 6 1
E4 173 6 0
E5 173 6 0
G4 228 6 1
G5 228 6 1
F4 275 6 1
F5 275 6 1
C5 224 12 0
A3 20 24 0
C4 224 12 0
C3 20 12 0
A2 122 24 0
Measure Number: 54
E4 20 6 0
E5 20 6 0
D4 76 6 1
D5 76 6 1
C4 128 6 1
C5 128 6 1
D4 184 6 1
D5 184 6 1
E4 240 6 0
E5 240 6 0
F4 297 6 1
F5 297 6 1
C5 16 6 0
B4 72 6 0
C4 16 6 0
B3 72 6 0
A3 128 6 1
A3 184 6 0
G3 240 6 1
A3 297 6 0
B2 16 24 0
E3 240 12 0
Measure Number: 55
G4 138 6 1
G5 138 6 1
F4 185 6 2
F5 185 6 2
A4 235 6 1
A5 235 6 1
G4 286 6 1
G5 286 6 1
G4 341 6 1
G5 341 6 1
F4 387 6 2
F5 387 6 2
C5 134 24 2
D5 337 12 1
B3 134 6 0
A3 185 6 1
C4 235 6 1
B3 286 12 0
A3 387 6 1
E3 134 24 0
D3 337 12 1
Measure Number: 56
G4 34 6 0
G5 34 6 0
F4 87 6 1
F5 87 6 1
A4 145 6 0
A5 145 6 0
G4 203 6 0
G5 203 6 0
G4 265 6 0
G5 265 6 0
F4 318 6 1
F5 318 6 1
C5 30 24 1
D5 261 12 0
D4 30 6 1
A3 87 6 0
C4 145 6 0
B3 203 12 -1
A3 318 6 0
D3 30 12 1
E3 145 12 -1
D3 261 12 0
Measure Number: 57
F4 25 6 1
F5 25 6 1
F4 73 6 0
F5 73 6 0
F4 130 12 0
F5 130 12 0
F4 234 6 0
F5 234 6 0
E4 282 6 0
E5 282 6 0
C5 21 12 0
C5 125 6 0
B4 178 6 0
B4 230 12 0
D4 21 6 0
A3 73 6 -1
A3 125 6 -1
G3 178 6 0
G3 230 12 0
D3 21 24 0
D3 230 6 0
C3 282 6 1
Measure Number: 58
E4 22 12 0
E5 22 12 0
E4 134 6 0
E5 134 6 0
D4 186 6 1
D5 186 6 1
E5 232 0 0
D4 246 6 1
D5 246 6 1
C4 298 6 2
C5 298 6 2
B4 18 6 0
A4 74 6 1
A4 130 12 1
A4 242 12 1
G3 18 12 0
F3 130 24 1
C3 18 6 1
rest 6
rest 12
F2 242 12 1
Measure Number: 59
D4 125 6 1
D5 125 6 1
E4 178 6 0
E5 178 6 0
D4 240 6 1
D5 240 6 1
C4 294 6 1
C5 294 6 1
D4 356 6 1
D5 356 6 1
E4 409 6 0
E5 409 6 0
B4 121 12 0
A4 236 12 1
G4 352 12 1
B2 121 24 0
F3 121 24 1
E2 352 12 0
G3 352 12 1
Measure Number: 60
D4 26 6 1
D5 26 6 1
C4 73 6 1
C5 73 6 1
B3 133 6 0
B4 133 6 0
C4 193 6 1
C5 193 6 1
D5 253 6 1
B3 313 6 0
B4 313 6 0
G4 13 18 1
F4 178 6 1
D4 253 12 1
F2 13 12 1
E3 13 12 0
A3 13 12 1
rest 12
B2 253 12 0
F3 133 24 1
Measure Number: 61
D4 13 6 1
D5 13 6 1
E4 66 6 0
E5 66 6 0
E4 119 6 1
E5 119 6 1
F4 172 6 1
F5 172 6 1
A4 225 6 1
A5 225 6 1
G4 278 6 1
G5 278 6 1
rest 12
B3 119 24 0
D3 119 12 1
E3 225 12 0
C4 225 12 1
Measure Number: 62
F4 13 6 1
F5 13 6 1
E4 66 6 0
E5 66 6 0
D4 119 6 1
D5 119 6 1
C4 172 6 1
C5 172 6 1
D4 225 6 1
D5 225 6 1
B3 278 6 0
B4 278 6 0
rest 12
F2 119 12 1
E3 119 12 0
A3 119 12 1
B2 225 12 0
D3 225 12 1
B3 225 12 0
Measure Number: 63
C4 138 6 2
C5 138 6 2
D4 187 6 1
D5 187 6 1
E4 237 6 0
E5 237 6 0
D4 287 6 1
D5 287 6 1
F4 337 6 1
F5 337 6 1
E4 387 6 0
E5 387 6 0
F3 138 12 1
A3 138 12 0
G3 237 12 1
rest 12
B2 138 24 1
C3 337 12 1
Measure Number: 64
E4 30 6 1
E5 30 6 1
F4 83 6 1
F5 83 6 1
G4 136 6 1
G5 136 6 1
F4 188 6 1
F5 188 6 1
A4 241 6 0
A5 241 6 0
G4 294 6 1
G5 294 6 1
A3 30 12 0
C4 30 12 0
B3 136 12 0
rest 12
D3 30 24 1
E3 241 12 0
Measure Number: 65
F4 22 6 2
F5 22 6 2
G4 79 6 1
G5 79 6 1
A4 136 6 1
A5 136 6 1
G4 193 6 1
G5 193 6 1
B4 250 9 0
B5 250 9 0
A4 320 3 1
A5 320 3 1
B3 22 12 0
D4 22 12 0
C4 136 6 1
B3 193 6 0
D4 250 9 0
C4 320 3 1
E3 22 36 1
Measure Number: 66
A4 16 6 1
A5 16 6 1
G4 75 6 1
G5 75 6 1
F4 135 6 2
F5 135 6 2
G4 194 6 1
G5 194 6 1
B4 254 9 0
B5 254 9 0
rest 3
C4 16 6 1
B3 75 6 0
A3 135 6 1
B3 194 6 0
D4 254 9 0
rest 3
E3 16 24 1
E3 254 9 1
rest 3
Measure Number: 67
D5 117 0 1
D5 144 6 1
D6 144 6 1
C5 206 6 1
C6 206 6 1
B4 268 6 0
B5 268 6 0
A4 329 6 1
A5 329 6 1
B4 391 6 0
B5 391 6 0
G4 453 6 1
G5 453 6 1
E4 144 12 0
G4 144 12 0
D4 268 6 1
F4 268 6 1
C4 329 6 2
E4 329 6 1
D4 391 6 1
F4 391 6 1
B3 453 6 0
D4 453 6 0
Measure Number: 68
A4 33 6 1
A5 33 6 1
G4 89 6 1
G5 89 6 1
F4 145 6 1
F5 145 6 1
E4 201 6 1
E5 201 6 1
F4 257 6 1
F5 257 6 1
D4 313 6 1
D5 313 6 1
C4 33 12 1
E4 33 12 0
A3 145 6 1
C4 145 6 1
G3 201 6 2
B3 201 6 1
A3 257 6 1
C4 257 6 1
F3 313 6 1
A3 313 6 0
Measure Number: 69
G4 23 6 1
G5 23 6 1
F4 72 6 1
F5 72 6 1
E4 121 6 0
E5 121 6 0
D4 170 6 1
D5 170 6 1
E4 219 6 0
E5 219 6 0
C4 268 6 1
C5 268 6 1
G3 27 24 1
E3 219 12 0
G3 219 12 0
B2 23 12 1
D4 23 12 1
C3 121 12 1
C4 121 12 1
Measure Number: 70
A3 16 12 1
E4 16 12 0
A4 16 12 1
B3 104 6 0
D4 104 6 1
B4 104 6 0
rest 6
B3 213 12 1
B4 213 12 1
F3 16 36 1
F2 16 12 1
B2 104 6 0
rest 6
rest 12
Measure Number: 71
C4 130 12 1
C5 130 12 1
B3 184 6 1
B4 184 6 1
C4 218 6 1
C5 218 6 1
E4 256 6 0
E5 256 6 0
D4 285 6 1
D5 285 6 1
A4 251 12 0
A2 130 24 0
F3 130 24 1
F2 251 12 1
A3 251 12 0
Measure Number: 72
C4 17 6 1
C5 17 6 1
B3 55 6 1
B4 55 6 1
A3 92 6 1
A4 92 6 1
B3 130 6 1
B4 130 6 1
C4 167 6 1
C5 167 6 1
D4 205 6 1
D5 205 6 1
A4 13 6 0
G4 51 6 1
G2 13 24 1
C3 167 12 1
A3 13 6 0
G3 51 6 1
G3 92 6 0
F3 130 6 1
E3 167 12 0
Measure Number: 73
E4 20 6 0
E5 20 6 0
F4 49 6 1
F5 49 6 1
D4 78 6 1
D5 78 6 1
E4 108 6 0
E5 108 6 0
G4 141 6 1
G5 141 6 1
F4 166 6 1
F5 166 6 1
C5 137 12 0
A3 20 24 0
C4 137 12 0
C3 20 12 0
A2 78 24 0
Measure Number: 74
E4 20 6 0
E5 20 6 0
D4 53 6 1
D5 53 6 1
C4 90 6 1
C5 90 6 1
D4 123 6 1
D5 123 6 1
E4 156 6 0
E5 156 6 0
F4 189 6 1
F5 189 6 1
C5 16 6 0
B4 49 6 0
C4 16 6 0
B3 49 6 0
A3 90 6 1
A3 123 6 0
G3 156 6 1
A3 189 6 0
B2 16 24 0
E3 156 12 0
Measure Number: 75
G4 26 6 1
G5 26 6 1
F4 61 6 2
F5 61 6 2
A4 94 6 1
A5 94 6 1
G4 127 6 1
G5 127 6 1
G4 165 6 1
G5 165 6 1
F4 194 6 2
F5 194 6 2
C5 22 24 2
D5 160 12 1
B3 22 6 0
A3 61 6 1
C4 94 6 1
B3 127 12 0
A3 194 6 1
E3 22 24 0
D3 160 12 1
Measure Number: 76
G4 34 6 0
G5 34 6 0
F4 72 6 1
F5 72 6 1
A4 114 6 0
A5 114 6 0
G4 157 6 0
G5 157 6 0
G4 203 6 0
G5 203 6 0
F4 242 6 1
F5 242 6 1
C5 30 24 1
D5 199 12 0
D4 30 6 1
A3 72 6 0
C4 114 6 0
B3 157 12 -1
A3 242 6 0
D3 30 12 1
E3 114 12 -1
D3 199 12 0
Measure Number: 77
F4 138 6 1
F5 138 6 1
F4 171 6 0
F5 171 6 0
F4 212 12 0
F5 212 12 0
F4 286 6 0
F5 286 6 0
E4 319 6 0
E5 319 6 0
C5 133 12 0
C5 208 6 0
B4 245 6 0
B4 282 12 0
D4 133 6 0
A3 171 6 -1
A3 208 6 -1
G3 245 6 0
G3 282 12 0
D3 133 24 0
D3 282 6 0
C3 319 6 1
Measure Number: 78
E4 22 12 0
E5 22 12 0
E4 103 6 0
E5 103 6 0
D4 139 6 1
D5 139 6 1
E5 171 0 0
D4 184 6 1
D5 184 6 1
C4 222 6 2
C5 222 6 2
B4 18 6 0
A4 58 6 1
A4 99 12 1
A4 180 12 1
G3 18 12 0
F3 99 24 1
C3 18 6 1
rest 6
rest 12
F2 180 12 1
Measure Number: 79
D4 17 6 1
D5 17 6 1
E4 46 6 0
E5 46 6 0
D4 83 6 1
D5 83 6 1
C4 120 6 1
C5 120 6 1
D4 158 6 1
D5 158 6 1
E4 187 6 0
E5 187 6 0
B4 13 12 0
A4 79 12 1
G4 154 12 1
B2 13 24 0
F3 13 24 1
E2 154 12 0
G3 154 12 1
Measure Number: 80
D4 26 6 1
D5 26 6 1
C4 54 6 1
C5 54 6 1
B3 90 6 0
B4 90 6 0
C4 126 6 1
C5 126 6 1
D5 162 6 1
B3 198 6 0
B4 198 6 0
G4 13 18 1
F4 112 6 1
D4 162 12 1
F2 13 12 1
E3 13 12 0
rest 12
B2 162 12 0
A3 13 12 1
F3 90 24 1
Measure Number: 81
D4 13 6 1
D5 13 6 1
E4 49 6 0
E5 49 6 0
E4 85 6 1
E5 85 6 1
F4 121 6 1
F5 121 6 1
A4 159 6 1
A5 159 6 1
G4 195 6 1
G5 195 6 1
rest 12
B3 85 12 0
B3 159 6 1
C4 195 6 1
C3 85 6 2
D3 121 6 1
E3 159 12 0
Measure Number: 82
F4 13 6 1
F5 13 6 1
E4 43 6 0
E5 43 6 0
D4 73 6 1
D5 73 6 1
C4 103 6 1
C5 103 6 1
D4 133 6 1
D5 133 6 1
B3 163 6 0
B4 163 6 0
rest 12
F2 73 12 1
E3 73 12 0
A3 73 12 1
B2 133 12 0
D3 133 12 1
B3 133 12 0
Measure Number: 83
C4 138 6 2
C5 138 6 2
D4 167 6 1
D5 167 6 1
E4 196 6 0
E5 196 6 0
D4 226 6 1
D5 226 6 1
F4 255 6 1
F5 255 6 1
E4 284 6 0
E5 284 6 0
F3 138 12 1
A3 138 12 0
G3 196 12 1
rest 12
B2 138 24 1
B2 255 6 1
C3 284 6 1
Measure Number: 84
E4 31 6 1
E5 31 6 1
F4 62 6 1
F5 62 6 1
G4 93 6 1
G5 93 6 1
F4 124 6 1
F5 124 6 1
A4 155 6 0
A5 155 6 0
G4 186 6 1
G5 186 6 1
A3 31 12 0
C4 31 12 0
B3 93 12 0
rest 12
C3 31 6 2
D3 62 6 1
rest 12
D3 155 6 1
E3 186 6 0
Measure Number: 85
F4 22 6 2
F5 22 6 2
G4 53 6 1
G5 53 6 1
A4 86 6 1
A5 86 6 1
G4 118 6 1
G5 118 6 1
B4 150 9 0
B5 150 9 0
A4 188 3 1
A5 188 3 1
B3 22 12 0
D4 22 12 0
C4 86 6 1
B3 118 6 0
D4 150 9 0
C4 188 3 1
E3 22 36 1
Measure Number: 86
A4 16 6 1
A5 16 6 1
G4 50 6 1
G5 50 6 1
F4 85 6 2
F5 85 6 2
G4 119 6 1
G5 119 6 1
B4 153 9 0
B5 153 9 0
rest 3
C4 16 6 1
B3 50 6 0
A3 85 6 1
B3 119 6 0
D4 153 9 0
rest 3
E3 16 24 1
E3 153 9 1
rest 3
Measure Number: 87
D5 13 0 1
D5 40 6 1
D6 40 6 1
C5 80 6 1
C6 80 6 1
B4 119 6 0
B5 119 6 0
A4 165 6 1
A5 165 6 1
B4 205 6 0
B5 205 6 0
G4 245 6 1
G5 245 6 1
E4 40 12 0
G4 40 12 0
D4 119 6 1
F4 119 6 1
C4 165 6 2
E4 165 6 1
D4 205 6 1
F4 205 6 1
B3 245 6 0
D4 245 6 0
Measure Number: 88
A4 33 6 1
A5 33 6 1
G4 66 6 1
G5 66 6 1
F4 100 6 1
F5 100 6 1
E4 143 6 1
E5 143 6 1
F4 176 6 1
F5 176 6 1
D4 209 6 1
D5 209 6 1
C4 33 12 1
E4 33 12 0
A3 100 6 1
C4 100 6 1
G3 143 6 2
B3 143 6 1
A3 176 6 1
C4 176 6 1
F3 209 6 1
A3 209 6 0
Measure Number: 89
G4 135 6 1
G5 135 6 1
F4 158 6 1
F5 158 6 1
E4 180 6 0
E5 180 6 0
D4 203 6 1
D5 203 6 1
E4 226 6 0
E5 226 6 0
C4 248 6 1
C5 248 6 1
G3 139 24 1
E3 226 12 0
B2 135 12 1
D4 135 12 1
C3 180 12 1
C4 180 12 1
G3 226 12 0
Measure Number: 90
A3 16 36 1
E4 16 36 0
A4 16 36 1
G3 16 6 0
F3 41 6 1
E3 65 6 0
D3 90 6 1
E3 115 6 0
C3 140 6 1
F2 16 36 1
Measure Number: 91
A3 18 36 1
E4 18 36 0
A4 18 36 1
G3 18 6 0
F3 42 6 1
E3 67 6 0
D3 92 6 1
E3 116 6 0
C3 141 6 1
F2 18 36 1
Measure Number: 92
A3 18 36 1
E4 18 36 0
A4 18 36 1
G3 18 6 0
F3 42 6 1
E3 67 6 0
D3 92 6 1
E3 116 6 0
C3 141 6 1
F2 18 36 1
Measure Number: 93
B3 31 24 0
B4 31 24 0
C4 116 12 1
C5 116 12 1
E4 18 36 0
G3 18 6 0
F3 42 6 1
E3 67 6 0
D3 92 6 1
E3 116 6 0
C3 141 6 1
F2 18 36 1
Measure Number: 94
C4 18 24 1
A4 18 24 1
C5 18 24 1
C4 120 9 1
A4 120 9 1
C5 120 9 1
D4 162 3 0
B4 162 3 0
D5 162 3 0
G3 18 6 0
F3 43 6 1
E3 69 6 0
D3 94 6 1
E3 120 6 0
C3 146 6 1
F2 18 36 1
Measure Number: 95
C4 18 36 1
A4 18 36 1
C5 18 36 1
G3 18 6 0
F3 42 6 1
E3 67 6 0
D3 92 6 1
E3 116 6 0
C3 141 6 1
F2 18 36 1
Measure Number: 96
A3 7 0 1
A3 31 36 1
E4 31 36 0
A4 31 36 1
C5 31 36 1
G3 31 6 0
F3 55 6 1
E3 80 6 0
D3 105 6 1
E3 130 6 0
C3 154 6 1
F2 31 36 1
Measure Number: 97
D5 122 24 0
E5 238 12 0
E4 122 6 0
F4 156 18 1
G4 238 12 0
A4 127 36 1
G3 122 6 0
F3 156 6 1
E3 183 6 0
D3 210 6 1
E3 238 6 0
C3 265 6 1
F2 122 36 1
Measure Number: 98
A4 29 36 1
E5 29 36 0
C4 10 0 1
C4 29 36 1
G3 29 6 0
F3 55 6 1
E3 81 6 0
D3 107 6 1
E3 134 6 0
C3 160 6 1
F2 29 36 1
Measure Number: 99
E5 18 36 0
C6 18 36 1
A4 18 36 1
G3 18 6 0
F3 44 6 1
E3 70 6 0
D3 96 6 1
E3 123 6 0
C3 149 6 1
F2 18 36 1
Measure Number: 100
E5 18 12 0
C6 18 12 1
rest 12
rest 12
A4 18 12 1
G2 18 6 0
G3 18 6 0
F2 47 6 1
F3 47 6 1
E2 77 6 0
E3 77 6 0
D2 106 6 1
D3 106 6 1
E2 136 6 0
E3 136 6 0
C2 165 6 1
C3 165 6 1
Measure Number: 101
rest 36
G2 18 6 0
G3 18 6 0
F2 47 6 1
F3 47 6 1
E2 77 6 0
E3 77 6 0
D2 106 6 1
D3 106 6 1
E2 136 6 0
E3 136 6 0
C2 165 6 1
C3 165 6 1
Measure Number: 102
G4 18 6 0
G5 18 6 0
F4 47 6 1
F5 47 6 1
E4 77 6 0
E5 77 6 0
D4 106 6 1
D5 106 6 1
E4 136 6 0
E5 136 6 0
C4 165 6 1
C5 165 6 1
G2 18 6 0
G3 18 6 0
F2 47 6 1
F3 47 6 1
E2 77 6 0
E3 77 6 0
D2 106 6 1
D3 106 6 1
E2 136 6 0
E3 136 6 0
C2 165 6 1
C3 165 6 1
Measure Number: 103
G4 18 6 0
G5 18 6 0
F4 47 6 1
F5 47 6 1
E4 77 6 0
E5 77 6 0
D4 106 6 1
D5 106 6 1
E4 136 6 0
E5 136 6 0
C4 165 6 1
C5 165 6 1
G2 18 6 0
G3 18 6 0
F2 47 6 1
F3 47 6 1
E2 77 6 0
E3 77 6 0
D2 106 6 1
D3 106 6 1
E2 136 6 0
E3 136 6 0
C2 165 6 1
C3 165 6 1
Measure Number: 104
G4 114 4 0
G5 114 4 0
F4 150 4 1
F5 150 4 1
E4 187 4 0
E5 187 4 0
D4 223 4 1
D5 223 4 1
E4 259 4 0
E5 259 4 0
C4 295 4 1
C5 295 4 1
G4 332 4 1
G5 332 4 1
F4 368 4 1
F5 368 4 1
E4 404 4 0
E5 404 4 0
D4 440 4 1
D5 440 4 1
E4 477 4 0
E5 477 4 0
C4 513 4 1
C5 513 4 1
G2 114 4 0
G3 114 4 0
F2 150 4 1
F3 150 4 1
E2 187 4 0
E3 187 4 0
D2 223 4 1
D3 223 4 1
E2 259 4 0
E3 259 4 0
C2 295 4 1
C3 295 4 1
G2 332 4 1
G3 332 4 1
F2 368 4 1
F3 368 4 1
E2 404 4 0
E3 404 4 0
D2 440 4 1
D3 440 4 1
E2 477 4 0
E3 477 4 0
C2 513 4 1
C3 513 4 1
Measure Number: 105
A4 16 4 0
A5 16 4 0
G4 54 4 1
G5 54 4 1
G4 93 4 0
G5 93 4 0
F4 131 4 1
F5 131 4 1
G4 169 4 0
G5 169 4 0
D4 208 4 1
D5 208 4 1
E4 246 4 0
E5 246 4 0
E4 284 4 1
E5 284 4 1
F4 323 4 1
F5 323 4 1
E4 361 4 1
E5 361 4 1
F4 399 4 1
F5 399 4 1
F4 438 4 2
F5 438 4 2
A2 16 4 0
A3 16 4 0
G2 54 4 1
G3 54 4 1
G2 93 4 0
G3 93 4 0
F2 131 4 1
F3 131 4 1
G2 169 4 0
G3 169 4 0
D2 208 4 1
D3 208 4 1
E2 246 4 0
E3 246 4 0
E2 284 4 1
E3 284 4 1
F2 323 4 1
F3 323 4 1
E2 361 4 1
E3 361 4 1
F2 399 4 1
F3 399 4 1
F2 438 4 2
F3 438 4 2
Measure Number: 106
E4 24 4 1
E5 24 4 1
F4 62 4 1
F5 62 4 1
F4 100 4 2
F5 100 4 2
F4 138 4 1
F5 138 4 1
F4 176 4 2
F5 176 4 2
G4 214 4 1
G5 214 4 1
F4 251 4 2
F5 251 4 2
G4 289 4 1
G5 289 4 1
A4 327 4 0
A5 327 4 0
G4 365 4 1
G5 365 4 1
A4 403 4 0
A5 403 4 0
A4 441 4 1
A5 441 4 1
E2 24 4 1
E3 24 4 1
F2 62 4 1
F3 62 4 1
F2 100 4 2
F3 100 4 2
F2 138 4 1
F3 138 4 1
F2 176 4 2
F3 176 4 2
G2 214 4 1
G3 214 4 1
F2 251 4 2
F3 251 4 2
G2 289 4 1
G3 289 4 1
A2 327 4 0
A3 327 4 0
G2 365 4 1
G3 365 4 1
A2 403 4 0
A3 403 4 0
A2 441 4 1
A3 441 4 1
Measure Number: 107
B4 94 4 0
B5 94 4 0
A4 135 4 1
A5 135 4 1
B4 175 4 0
B5 175 4 0
A4 214 4 1
A5 214 4 1
A4 254 4 0
A5 254 4 0
G4 294 4 1
G5 294 4 1
A4 333 4 0
A5 333 4 0
G4 373 4 1
G5 373 4 1
A4 412 4 0
A5 412 4 0
G4 452 4 1
G5 452 4 1
G4 491 4 0
G5 491 4 0
F4 531 4 1
F5 531 4 1
D5 98 24 0
D5 337 24 0
B2 94 4 0
B3 94 4 0
A2 135 4 1
A3 135 4 1
B2 175 4 0
B3 175 4 0
A2 214 4 1
A3 214 4 1
A2 254 4 0
A3 254 4 0
G2 294 4 1
G3 294 4 1
A2 333 4 0
A3 333 4 0
G2 373 4 1
G3 373 4 1
A2 412 4 0
A3 412 4 0
G2 452 4 1
G3 452 4 1
G2 491 4 0
G3 491 4 0
F2 531 4 1
F3 531 4 1
D3 98 24 0
D3 337 24 0
Measure Number: 108
G4 13 4 0
G5 13 4 0
F4 52 4 1
F5 52 4 1
G4 91 4 0
G5 91 4 0
F4 130 4 1
F5 130 4 1
F4 170 4 0
F5 170 4 0
E4 209 4 0
E5 209 4 0
D4 255 4 1
D5 255 4 1
D4 295 4 0
D5 295 4 0
C4 334 4 1
C5 334 4 1
B3 373 12 0
F4 373 12 1
B4 373 12 0
B4 17 12 0
B4 135 12 0
F4 259 12 1
G2 13 4 0
G3 13 4 0
F2 52 4 1
F3 52 4 1
G2 91 4 0
G3 91 4 0
F2 130 4 1
F3 130 4 1
F2 170 4 0
F3 170 4 0
E2 209 4 0
E3 209 4 0
D2 255 4 1
D3 255 4 1
D2 295 4 0
D3 295 4 0
C2 334 4 1
C3 334 4 1
B1 373 12 0
F2 373 12 1
B2 373 12 0
B2 17 12 0
B2 135 12 0
F2 259 12 1
Measure Number: 109
B3 17 4 0
B4 17 4 0
A3 54 4 1
A4 54 4 1
B3 93 4 0
B4 93 4 0
C4 132 4 1
C5 132 4 1
D4 171 4 0
D5 171 4 0
E4 210 4 0
E5 210 4 0
D4 253 4 0
D5 253 4 0
C4 288 4 1
C5 288 4 1
B3 327 4 0
B4 327 4 0
A3 366 4 1
A4 366 4 1
B3 406 4 0
B4 406 4 0
C4 445 4 1
C5 445 4 1
G4 13 24 0
F4 249 12 1
rest 12
B1 17 4 0
B2 17 4 0
A1 54 4 1
A2 54 4 1
B1 93 4 0
B2 93 4 0
C2 132 4 1
C3 132 4 1
D2 171 4 0
D3 171 4 0
E2 210 4 0
E3 210 4 0
D2 253 4 0
D3 253 4 0
C2 288 4 1
C3 288 4 1
B1 327 4 0
B2 327 4 0
A1 366 4 1
A2 366 4 1
B1 406 4 0
B2 406 4 0
C2 445 4 1
C3 445 4 1
G2 13 24 0
F2 249 12 1
rest 12
Measure Number: 110
B3 95 4 0
B4 95 4 0
A3 132 4 1
A4 132 4 1
B3 171 4 0
B4 171 4 0
C4 210 4 1
C5 210 4 1
D4 249 4 0
D5 249 4 0
E4 288 4 0
E5 288 4 0
D4 331 4 0
D5 331 4 0
C4 366 4 1
C5 366 4 1
B3 405 4 0
B4 405 4 0
A3 444 4 1
A4 444 4 1
B3 483 4 0
B4 483 4 0
C4 522 4 1
C5 522 4 1
G4 91 24 0
F4 327 12 1
rest 12
B1 95 4 0
B2 95 4 0
A1 132 4 1
A2 132 4 1
B1 171 4 0
B2 171 4 0
C2 210 4 1
C3 210 4 1
D2 249 4 0
D3 249 4 0
E2 288 4 0
E3 288 4 0
D2 331 4 0
D3 331 4 0
C2 366 4 1
C3 366 4 1
B1 405 4 0
B2 405 4 0
A1 444 4 1
A2 444 4 1
B1 483 4 0
B2 483 4 0
C2 522 4 1
C3 522 4 1
G2 91 24 0
F2 327 12 1
rest 12
Measure Number: 111
D4 23 4 0
D5 23 4 0
C4 56 4 1
C5 56 4 1
D4 93 4 0
D5 93 4 0
E4 130 4 0
E5 130 4 0
F4 167 4 0
F5 167 4 0
G4 204 4 0
G5 204 4 0
F4 245 4 0
F5 245 4 0
E4 278 4 0
E5 278 4 0
D4 315 4 0
D5 315 4 0
C4 352 4 1
C5 352 4 1
D4 389 4 0
D5 389 4 0
E4 426 4 0
E5 426 4 0
B4 19 24 -1
A4 241 12 0
rest 12
D2 23 4 0
D3 23 4 0
C2 56 4 1
C3 56 4 1
D2 93 4 0
D3 93 4 0
E2 130 4 0
E3 130 4 0
F2 167 4 0
F3 167 4 0
G2 204 4 0
G3 204 4 0
F2 245 4 0
F3 245 4 0
E2 278 4 0
E3 278 4 0
D2 315 4 0
D3 315 4 0
C2 352 4 1
C3 352 4 1
D2 389 4 0
D3 389 4 0
E2 426 4 0
E3 426 4 0
B2 19 24 -1
A2 241 12 0
rest 12
Measure Number: 112
D4 23 4 0
D5 23 4 0
C4 57 4 1
C5 57 4 1
D4 96 4 0
D5 96 4 0
E4 134 4 0
E5 134 4 0
F4 172 4 0
F5 172 4 0
G4 211 4 0
G5 211 4 0
F4 253 4 0
F5 253 4 0
E4 288 4 0
E5 288 4 0
D4 326 4 0
D5 326 4 0
F4 369 4 0
F5 369 4 0
G4 403 4 0
G5 403 4 0
B4 441 4 -1
B5 441 4 -1
B4 19 24 -1
A4 249 12 0
D5 365 12 -1
D2 23 4 0
D3 23 4 0
C2 57 4 1
C3 57 4 1
D2 96 4 0
D3 96 4 0
E2 134 4 0
E3 134 4 0
F2 172 4 0
F3 172 4 0
G2 211 4 0
G3 211 4 0
F2 253 4 0
F3 253 4 0
E2 288 4 0
E3 288 4 0
D2 326 4 0
D3 326 4 0
F2 369 4 0
F3 369 4 0
G2 403 4 0
G3 403 4 0
B2 441 4 -1
B3 441 4 -1
B2 19 24 -1
A2 249 12 0
D3 365 12 -1
Measure Number: 113
A4 118 4 -1
A5 118 4 -1
G4 149 4 0
G5 149 4 0
F4 183 4 0
F5 183 4 0
G4 222 4 1
G5 222 4 1
A4 259 4 1
A5 259 4 1
C5 294 4 1
C6 294 4 1
B4 333 4 0
B5 333 4 0
A4 363 4 1
A5 363 4 1
G4 398 4 1
G5 398 4 1
B4 437 4 0
B5 437 4 0
C5 468 4 1
C6 468 4 1
E5 502 4 0
E6 502 4 0
C5 114 12 0
E5 218 12 0
D5 329 12 1
G5 433 12 0
A2 118 4 -1
A3 118 4 -1
G2 149 4 0
G3 149 4 0
F2 183 4 0
F3 183 4 0
G2 222 4 1
G3 222 4 1
A2 259 4 1
A3 259 4 1
C3 294 4 1
C4 294 4 1
B2 333 4 0
B3 333 4 0
A2 363 4 1
A3 363 4 1
G2 398 4 1
G3 398 4 1
B2 437 4 0
B3 437 4 0
C3 468 4 1
C4 468 4 1
E3 502 4 0
E4 502 4 0
C3 114 12 0
E3 218 12 0
D3 329 12 1
G3 433 12 0
Measure Number: 114
D5 23 4 0
D6 23 4 0
C5 57 4 1
C6 57 4 1
B4 96 4 0
B5 96 4 0
A4 154 4 1
C5 154 4 2
E5 154 4 1
A5 154 4 1
B4 193 4 0
B5 193 4 0
D5 231 4 0
D6 231 4 0
E5 270 4 1
E6 270 4 1
A5 308 4 1
A6 308 4 1
B5 347 4 0
B6 347 4 0
B5 385 4 0
B6 385 4 0
B5 424 4 0
B6 424 4 0
B5 462 4 0
B6 462 4 0
F5 19 12 1
D3 23 4 0
D4 23 4 0
C3 57 4 1
C4 57 4 1
B2 96 4 0
B3 96 4 0
A2 154 4 1
A3 154 4 1
G2 193 4 1
G3 193 4 1
E2 231 4 1
E3 231 4 1
D2 270 4 0
D3 270 4 0
C2 308 4 1
C3 308 4 1
B1 347 4 0
B2 347 4 0
A1 385 4 0
A2 385 4 0
G1 424 4 1
G2 424 4 1
G1 462 4 0
G2 462 4 0
F3 19 12 1
Measure Number: 115
B5 20 4 0
B6 20 4 0
A5 57 4 1
A6 57 4 1
B5 94 4 0
B6 94 4 0
A5 132 4 1
A6 132 4 1
A5 169 4 0
A6 169 4 0
G5 206 4 1
G6 206 4 1
A5 247 4 0
A6 247 4 0
G5 280 4 1
G6 280 4 1
A5 317 4 0
A6 317 4 0
A5 355 4 -1
A6 355 4 -1
G5 392 4 0
G6 392 4 0
F5 429 4 1
F6 429 4 1
D6 16 12 0
F6 16 12 1
E6 243 12 0
F1 16 4 1
F2 16 4 1
A1 57 4 1
A2 57 4 1
B1 94 4 0
B2 94 4 0
B1 132 4 1
B2 132 4 1
C2 169 4 1
C3 169 4 1
D2 206 4 0
D3 206 4 0
C2 243 4 1
C3 243 4 1
B1 280 4 1
B2 280 4 1
C2 317 4 1
C3 317 4 1
D2 355 4 0
D3 355 4 0
E2 392 4 -1
E3 392 4 -1
E2 429 4 0
E3 429 4 0
Measure Number: 116
G5 116 4 0
G6 116 4 0
F5 156 4 1
F6 156 4 1
G5 201 4 0
G6 201 4 0
G5 245 4 -1
G6 245 4 -1
F5 290 4 0
F6 290 4 0
E5 334 4 0
E6 334 4 0
F5 383 4 0
F6 383 4 0
E5 423 4 0
E6 423 4 0
F5 468 4 0
F6 468 4 0
F5 512 4 -1
F6 512 4 -1
E5 557 4 -1
E6 557 4 -1
D5 601 4 0
D6 601 4 0
B5 112 24 -1
D6 112 24 -1
B5 368 24 -1
D6 368 12 -1
E2 112 4 -1
E3 112 4 -1
D2 156 4 0
D3 156 4 0
E2 201 4 -1
E3 201 4 -1
E2 245 4 0
E3 245 4 0
F2 290 4 0
F3 290 4 0
G2 334 4 -1
G3 334 4 -1
F2 379 4 0
F3 379 4 0
E2 423 4 0
E3 423 4 0
F2 468 4 0
F3 468 4 0
G2 512 4 -1
G3 512 4 -1
G2 557 4 0
G3 557 4 0
A2 601 4 -1
A3 601 4 -1
Measure Number: 117
E5 45 4 0
E6 45 4 0
D5 86 4 1
D6 86 4 1
E5 132 4 0
E6 132 4 0
D5 178 4 1
D6 178 4 1
D5 224 4 0
D6 224 4 0
C5 269 4 1
C6 269 4 1
D5 326 4 0
D6 326 4 0
C5 361 4 1
C6 361 4 1
D5 407 4 0
D6 407 4 0
C5 452 4 1
C6 452 4 1
C5 498 4 0
C6 498 4 0
B4 544 4 0
B5 544 4 0
A5 30 24 1
E5 315 24 1
G5 315 24 1
C6 30 12 1
G2 41 4 0
G3 41 4 0
F2 86 4 1
F3 86 4 1
G2 132 4 0
G3 132 4 0
G2 178 4 1
G3 178 4 1
A2 224 4 0
A3 224 4 0
A2 269 4 1
A3 269 4 1
B2 315 4 0
B3 315 4 0
A2 361 4 1
A3 361 4 1
B2 407 4 0
B3 407 4 0
B2 452 4 1
B3 452 4 1
C3 498 4 1
C4 498 4 1
D3 544 4 0
D4 544 4 0
Measure Number: 118
B4 13 24 0
C5 24 24 1
F5 24 24 1
B5 24 24 0
A4 96 24 1
C5 96 24 1
F5 96 24 1
A5 96 24 1
F3 24 24 1
C4 24 24 1
F4 24 24 1
F2 96 24 1
C3 96 24 1
F3 96 24 1
Measure Number: 119
B4 37 48 0
D5 37 48 0
F5 37 48 1
B5 37 48 0
B1 37 48 0
F2 37 48 1
B2 37 48 0
