Measure Number: 0
rest 2
E3 84 2 0
Measure Number: 1
rest 1
E4 51 1 0
A4 51 1 0
E5 51 1 0
rest 1
A4 127 1 0
E5 127 1 0
A5 127 1 0
rest 1
A4 203 1 0
D5 203 1 0
A5 203 1 0
rest 1
G4 280 1 1
E5 280 1 0
G5 280 1 1
A2 13 1 0
E3 51 1 0
C4 51 1 0
C3 89 1 0
A3 127 1 0
E4 127 1 0
B2 165 1 0
F3 203 1 0
D4 203 1 0
E3 242 1 0
B3 280 1 0
E4 280 1 0
Measure Number: 2
rest 1
A4 52 1 0
E5 52 1 0
rest 1
C5 130 1 0
E5 130 1 0
C6 130 1 0
rest 1
C5 209 1 0
F5 209 1 0
C6 209 1 0
rest 1
B4 288 1 0
F5 288 1 0
B5 288 1 0
C3 13 1 0
A3 52 1 0
E4 52 1 0
A2 91 1 0
A3 130 1 0
E4 130 1 0
D3 170 1 0
A3 209 1 0
F4 209 1 0
D3 248 1 0
G3 288 1 1
F4 288 1 0
Measure Number: 3
rest 1
A4 50 1 0
F5 50 1 0
A5 50 1 0
rest 1
E5 124 1 0
A5 124 1 0
E6 124 1 0
rest 1
D5 198 1 0
A5 198 1 0
D6 198 1 0
rest 1
E5 273 1 0
G5 273 1 1
E6 273 1 0
C3 13 1 0
A3 50 1 0
F4 50 1 0
C3 87 1 0
A3 124 1 0
E4 124 1 0
B2 161 1 0
F3 198 1 0
D4 198 1 0
E2 235 1 0
E3 273 1 0
B3 273 1 0
D4 273 1 0
Measure Number: 4
rest 1
C5 51 1 0
E5 51 1 0
C6 51 1 0
rest 1
G4 127 1 1
E5 127 1 0
G5 127 1 1
rest 1
A4 203 1 0
E5 203 1 0
A5 203 1 0
rest 1
C5 280 1 0
E5 280 1 0
C6 280 1 0
A2 13 1 0
E3 51 1 0
C4 51 1 0
B2 89 1 0
E3 127 1 0
D4 127 1 0
C3 165 1 0
E3 203 1 0
E4 203 1 0
A2 242 1 0
E3 280 1 0
C4 280 1 0
Measure Number: 5
rest 1
B4 101 1 0
E5 101 1 0
B5 101 1 0
rest 1
A4 182 1 0
E5 182 1 0
A5 182 1 0
rest 1
E4 263 1 0
B4 263 1 0
E5 263 1 0
rest 1
A4 344 1 0
E5 344 1 0
A5 344 1 0
E2 61 1 0
E3 101 1 0
D4 101 1 0
A2 142 1 0
E3 182 1 0
C4 182 1 0
B2 223 1 0
E3 263 1 0
G3 263 1 1
D4 263 1 0
A2 304 1 0
E3 344 1 0
A3 344 1 0
C4 344 1 0
Measure Number: 6
rest 1
B4 56 1 0
E5 56 1 0
B5 56 1 0
rest 1
A4 136 1 0
E5 136 1 0
A5 136 1 0
rest 1
E4 216 1 0
B4 216 1 0
E5 216 1 0
rest 1
A4 296 1 0
E5 296 1 0
A5 296 1 0
E2 16 1 0
E3 56 1 0
G3 56 1 1
D4 56 1 0
A2 96 1 0
E3 136 1 0
A3 136 1 0
C4 136 1 0
B2 176 1 0
E3 216 1 0
G3 216 1 1
D4 216 1 0
A2 256 1 0
E3 296 1 0
A3 296 1 0
C4 296 1 0
Measure Number: 7
rest 1
B4 60 1 0
E5 60 1 0
B5 60 1 0
rest 1
C5 144 1 0
E5 144 1 0
C6 144 1 0
rest 1
G4 228 1 0
B4 228 1 0
G5 228 1 0
rest 1
A4 301 1 0
B4 313 1 0
F5 313 1 1
G2 18 1 0
G3 60 1 0
E4 60 1 0
A2 102 1 0
A3 144 1 0
E4 144 1 0
B2 186 1 0
B3 228 1 0
E4 228 1 0
B2 271 1 0
B3 313 1 0
D4 313 1 1
Measure Number: 8
rest 1
G4 64 1 1
B4 64 1 0
E5 64 1 0
rest 1
A4 168 1 0
C5 168 1 0
F5 168 1 1
rest 1
G4 272 1 0
B4 272 1 0
F5 260 1 0
G5 272 1 0
rest 1
G4 375 1 1
D5 363 1 0
E5 375 1 0
G5 375 1 1
E3 13 1 0
B3 64 1 0
E4 64 1 0
D3 116 1 1
C4 168 1 0
F4 168 1 0
D3 220 1 0
B3 272 1 0
F4 272 1 0
E2 323 1 0
B3 375 1 0
E4 375 1 0
Measure Number: 9
rest 1
A4 104 1 0
C5 104 1 0
E5 104 1 0
A5 104 1 0
rest 1
A4 190 1 0
E5 190 1 0
rest 1
A4 276 1 0
D5 276 1 0
rest 1
G4 362 1 1
E5 362 1 0
A5 190 4 0
G5 362 1 1
A2 61 1 0
A3 104 1 0
E4 104 1 0
C3 147 1 0
A3 190 1 0
E4 190 1 0
B2 233 1 0
F3 276 1 0
D4 276 1 0
E3 319 1 0
B3 362 1 0
E4 362 1 0
Measure Number: 10
rest 1
A4 57 1 0
E5 57 1 0
rest 1
C5 145 1 0
E5 145 1 0
rest 1
C5 234 1 0
F5 234 1 0
rest 1
B4 322 1 0
F5 322 1 0
C6 145 4 0
B5 322 1 0
C3 13 1 0
A3 57 1 0
E4 57 1 0
A2 101 1 0
A3 145 1 0
E4 145 1 0
D3 189 1 0
A3 234 1 0
F4 234 1 0
D3 278 1 0
G3 322 1 1
F4 322 1 0
Measure Number: 11
rest 1
A4 59 1 0
F5 59 1 0
rest 1
E5 145 1 0
A5 145 1 0
rest 1
D5 231 1 0
A5 231 1 0
rest 1
E5 318 1 0
G5 318 1 1
B5 16 1 0
A5 59 1 0
E6 145 2 0
D6 231 2 0
E6 318 1 0
C3 16 1 0
A3 59 1 0
F4 59 1 0
C3 102 1 0
A3 145 1 0
E4 145 1 0
B2 188 1 0
F3 231 1 0
D4 231 1 0
E2 275 1 0
E3 318 1 0
B3 318 1 0
D4 318 1 0
Measure Number: 12
rest 1
C5 60 1 0
E5 60 1 0
rest 1
B4 149 1 0
E5 149 1 0
rest 1
A4 237 1 0
E5 237 1 0
rest 1
C5 325 1 0
E5 325 1 0
E6 16 1 0
C6 60 2 0
B5 149 2 0
A5 237 3 0
A2 16 1 0
E3 60 1 0
C4 60 1 0
B2 104 1 0
E3 149 1 0
G3 149 1 1
C4 149 1 0
C3 193 1 0
E3 237 1 0
A3 237 1 0
E4 237 1 0
A2 281 1 0
E3 325 1 0
C4 325 1 0
Measure Number: 13
rest 1
B4 105 1 0
E5 105 1 0
rest 1
A4 193 1 0
E5 193 1 0
rest 1
E4 281 1 0
B4 281 1 0
rest 1
A4 370 1 0
E5 370 1 0
B5 105 2 0
A5 193 2 0
E5 281 2 0
A5 370 1 0
E2 61 1 0
E3 105 1 0
D4 105 1 0
A2 149 1 0
E3 193 1 0
C4 193 1 0
B2 237 1 0
E3 281 1 0
G3 281 1 1
D4 281 1 0
A2 325 1 0
E3 370 1 0
A3 370 1 0
C4 370 1 0
Measure Number: 14
rest 1
B4 60 1 0
E5 60 1 0
rest 1
A4 147 1 0
E5 147 1 0
rest 1
E4 234 1 0
B4 234 1 0
rest 1
A4 321 1 0
E5 321 1 0
B5 60 2 0
A5 147 2 0
E5 234 2 0
A5 321 1 0
E2 16 1 0
E3 60 1 0
G3 60 1 1
D4 60 1 0
A2 103 1 0
E3 147 1 0
A3 147 1 0
C4 147 1 0
B2 190 1 0
E3 234 1 0
G3 234 1 1
D4 234 1 0
A2 277 1 0
E3 321 1 0
A3 321 1 0
C4 321 1 0
Measure Number: 15
rest 1
B4 63 1 0
E5 63 1 0
rest 1
C5 155 1 0
E5 155 1 0
rest 1
G4 247 1 0
B4 247 1 0
rest 1
A4 326 1 0
B4 338 1 0
B5 63 2 0
C6 155 2 0
G5 247 2 0
F5 338 1 1
G2 18 1 0
G3 63 1 0
E4 63 1 0
A2 109 1 0
A3 155 1 0
E4 155 1 0
B2 201 1 0
B3 247 1 0
E4 247 1 0
B2 293 1 0
B3 338 1 0
D4 338 1 1
Measure Number: 16
rest 1
G4 53 1 0
B4 53 1 0
rest 1
A4 135 1 0
C5 135 1 0
rest 1
G4 217 1 0
B4 217 1 0
rest 1
A4 299 1 0
C5 299 1 0
F5 13 1 1
E5 53 7 0
E3 13 1 0
B3 53 1 0
E4 53 1 0
A2 94 1 0
A3 135 1 0
E4 135 1 0
E3 176 1 0
B3 217 1 0
E4 217 1 0
A2 258 1 0
A3 299 1 0
E4 299 1 0
Measure Number: 17
rest 1
B4 104 1 0
E5 104 1 0
rest 1
C5 189 1 0
E5 189 1 0
rest 1
G4 274 1 0
B4 274 1 0
rest 1
A4 348 1 0
B4 359 1 0
B5 104 2 0
C6 189 2 0
G5 274 2 0
F5 359 1 1
G2 61 1 0
G3 104 1 0
E4 104 1 0
A2 146 1 0
A3 189 1 0
E4 189 1 0
B2 231 1 0
B3 274 1 0
E4 274 1 0
B2 317 1 0
B3 359 1 0
D4 359 1 1
Measure Number: 18
rest 1
G4 59 1 0
B4 59 1 0
rest 1
A4 153 1 0
C5 153 1 0
rest 1
G4 246 1 1
B4 246 1 0
rest 1
G4 340 1 1
B4 340 1 0
E5 59 4 0
F5 246 3 0
E3 13 1 0
G3 59 1 0
B3 59 1 0
E4 59 1 0
D3 106 1 1
G3 153 1 0
B3 153 1 0
E4 153 1 0
D3 199 1 0
G3 246 1 1
B3 246 1 0
F4 246 1 0
D3 293 1 -1
G3 340 1 1
B3 340 1 0
F4 340 1 0
Measure Number: 19
rest 1
A4 57 2 0
C5 57 2 0
A5 57 2 0
A4 135 2 -1
B4 147 2 0
A5 147 2 -1
G4 236 1 0
B4 236 1 -1
G5 236 1 0
rest 1
E4 326 1 0
B4 326 1 -1
C5 337 1 0
C3 13 1 0
A3 57 1 0
F4 57 1 0
C3 102 1 0
A3 147 1 -1
F4 147 1 0
C3 191 1 0
G3 236 1 0
E4 236 1 0
C3 281 1 0
G3 326 1 0
C4 326 1 0
Measure Number: 20
rest 1
G4 54 1 0
B4 54 1 -1
G5 54 1 0
rest 1
E4 136 1 0
B4 136 1 -1
C5 148 1 0
rest 1
G4 219 1 0
B4 219 1 -1
G5 219 1 0
rest 1
A4 302 1 0
F5 302 1 0
C3 13 1 0
G3 54 1 0
E4 54 1 0
C3 95 1 0
G3 136 1 0
C4 136 1 0
C3 178 1 0
G3 219 1 0
E4 219 1 0
F3 260 1 0
A3 302 1 0
F4 302 1 0
Measure Number: 21
rest 1
F4 128 2 0
A4 128 2 -1
F5 128 2 0
F4 228 2 -1
G4 240 2 0
F5 240 2 -1
E4 353 1 -1
G4 353 1 -1
E5 353 1 -1
rest 1
C4 465 1 0
G4 465 1 -1
A4 477 1 -1
A2 71 1 -1
F3 128 1 0
D4 128 1 -1
A2 184 1 -1
F3 240 1 -1
D4 240 1 -1
A2 296 1 -1
E3 353 1 -1
C4 353 1 0
A2 409 1 -1
E3 465 1 -1
A3 465 1 -1
Measure Number: 22
rest 1
G4 65 1 -1
A4 77 1 -1
E5 77 1 -1
rest 1
C4 192 1 0
G4 192 1 -1
A4 204 1 -1
rest 1
G4 296 1 -1
A4 308 1 -1
rest 1
F4 423 1 0
A4 423 1 -1
E5 308 2 -1
D5 423 1 -1
A2 19 1 -1
E3 77 1 -1
C4 77 1 0
A2 134 1 -1
E3 192 1 -1
A3 192 1 -1
A2 250 1 -1
E3 308 1 -1
C4 308 1 0
A2 365 1 -1
F3 423 1 0
D4 423 1 -1
Measure Number: 23
rest 1
E4 79 1 -1
A4 79 1 -1
rest 1
D4 212 1 -1
A4 212 1 -1
rest 1
C4 321 1 0
rest 1
G4 430 1 -1
A4 442 1 -1
D5 19 1 -1
C5 79 2 0
B4 200 2 -1
A4 321 2 -1
E5 442 1 -1
A2 19 1 -1
E3 79 1 -1
C4 79 1 0
A2 140 1 -1
D3 200 1 -1
B3 200 1 -1
A2 261 1 -1
C3 321 1 0
A3 321 1 -1
A2 381 1 -1
G3 442 1 -1
E4 442 1 -1
Measure Number: 24
rest 1
F4 130 1 0
A4 130 1 -1
rest 1
D4 259 1 -1
A4 259 1 -1
rest 1
F4 364 1 0
A4 364 1 -1
rest 1
E4 481 1 -1
A4 481 1 -1
E5 71 1 -1
D5 130 2 -1
B4 247 2 -1
D5 364 2 -1
C5 481 1 0
A2 71 1 -1
F3 130 1 0
D4 130 1 -1
A2 189 1 -1
D3 247 1 -1
B3 247 1 -1
A2 306 1 -1
F3 364 1 0
D4 364 1 -1
A2 423 1 -1
E3 481 1 -1
C4 481 1 0
Measure Number: 25
rest 1
G4 65 1 -1
A4 77 1 -1
rest 1
F4 193 1 0
A4 193 1 -1
rest 1
E4 309 1 -1
A4 309 1 -1
rest 1
G4 425 1 -1
C5 425 1 0
C5 19 1 0
E5 77 2 -1
D5 193 2 -1
C5 309 2 0
F5 425 1 0
A2 19 1 -1
G3 77 1 -1
E4 77 1 -1
A2 135 1 -1
F3 193 1 0
D4 193 1 -1
A2 251 1 -1
E3 309 1 -1
C4 309 1 0
A2 367 1 0
G3 425 1 -1
F4 425 1 0
Measure Number: 26
rest 1
G4 71 1 -1
C5 71 1 0
rest 1
E4 189 1 -1
G4 189 1 -1
rest 1
G4 306 1 -1
B4 306 1 -1
rest 1
F4 423 1 0
B4 423 1 -1
F5 13 1 0
E5 71 2 -1
C5 189 2 0
E5 306 2 -1
D5 423 1 0
A2 13 1 0
G3 71 1 -1
E4 71 1 -1
A2 130 1 0
G3 189 1 -1
C4 189 1 0
B2 247 1 -1
G3 306 1 -1
E4 306 1 -1
B2 365 1 -1
F3 423 1 0
D4 423 1 0
Measure Number: 27
rest 1
A4 114 1 -1
D5 114 1 0
rest 1
G4 203 1 0
D5 203 1 0
rest 1
E4 291 2 0
F4 380 1 0
A4 380 1 -1
D5 70 1 0
A5 114 2 -1
G5 203 2 0
B4 291 2 -1
C5 303 2 0
F5 380 1 0
B2 70 1 0
A3 114 1 -1
F4 114 1 0
B2 159 1 0
G3 203 1 0
F4 203 1 0
C3 247 1 0
G3 291 1 0
C4 291 1 0
F2 336 1 0
F3 380 1 0
C4 380 1 0
Measure Number: 28
rest 1
A4 60 1 -1
D5 60 1 0
A5 60 1 -1
rest 1
G4 145 1 0
D5 145 1 0
G5 145 1 0
rest 1
E4 230 1 0
B4 230 1 -1
C5 242 1 0
rest 1
F4 315 1 0
A4 315 1 -1
F5 315 1 0
B2 18 1 0
A3 60 1 -1
F4 60 1 0
B2 103 1 0
G3 145 1 0
F4 145 1 0
C3 188 1 0
G3 230 1 0
C4 230 1 0
F2 273 1 0
F3 315 1 0
C4 315 1 0
Measure Number: 29
rest 1
G4 68 1 0
C5 68 1 0
G5 68 1 0
rest 1
A4 159 1 -1
C5 159 1 0
A5 159 1 -1
rest 1
E4 250 1 -1
G4 250 1 0
E5 250 1 -1
rest 1
F4 341 1 0
G4 353 1 0
D5 341 1 0
E2 22 1 -1
E3 68 1 -1
C4 68 1 0
F2 114 1 0
F3 159 1 0
C4 159 1 0
G2 205 1 0
G3 250 1 0
C4 250 1 0
G2 296 1 0
G3 341 1 0
B3 341 1 0
Measure Number: 30
rest 1
E4 53 1 -1
G4 53 1 0
rest 1
F4 133 1 0
A4 133 1 -1
rest 1
E4 213 1 -1
G4 213 1 0
rest 1
F4 293 1 0
A4 293 1 -1
C5 53 7 0
C3 13 1 0
G3 53 1 0
C4 53 1 0
F2 93 1 0
F3 133 1 0
C4 133 1 0
C3 173 1 0
G3 213 1 0
C4 213 1 0
F2 253 1 0
F3 293 1 0
C4 293 1 0
Measure Number: 31
rest 1
G4 115 2 0
C5 115 2 0
G5 115 2 0
A4 196 2 -1
C5 196 2 0
A5 196 2 -1
E4 277 2 -1
G4 277 2 0
E5 277 2 -1
F4 346 1 0
G4 358 1 0
D5 358 1 0
E2 75 1 -1
E3 115 1 -1
C4 115 1 0
F2 156 1 0
F3 196 1 0
C4 196 1 0
G2 237 1 0
G3 277 1 0
C4 277 1 0
G2 317 1 0
G3 358 1 0
B3 358 1 0
Measure Number: 32
rest 1
E4 54 1 0
G4 54 1 0
rest 1
F4 138 1 0
A4 138 1 -1
rest 1
E4 222 1 0
G4 222 1 0
rest 1
F4 306 1 0
A4 306 1 -1
D5 13 1 0
C5 54 7 0
C3 13 1 0
G3 54 1 0
C4 54 1 0
F2 96 1 0
F3 138 1 0
C4 138 1 0
C3 180 1 0
G3 222 1 0
C4 222 1 0
F2 264 1 0
F3 306 1 0
C4 306 1 0
Measure Number: 33
rest 1
G4 65 2 0
C5 65 2 0
G5 65 2 0
A4 151 2 -1
C5 151 2 0
A5 151 2 -1
C5 238 2 0
F5 238 2 0
C6 238 2 0
D5 324 1 0
G5 324 1 0
B5 324 1 0
E2 22 1 -1
E3 65 1 -1
C4 65 1 0
F2 108 1 0
F3 151 1 0
C4 151 1 0
A2 194 1 -1
A3 238 1 -1
C4 238 1 0
F4 238 1 0
G2 281 1 0
G3 324 1 0
D4 324 1 0
G4 324 1 0
Measure Number: 34
rest 1
B4 60 2 -1
E5 60 2 0
B5 60 2 -1
A4 154 2 -1
F5 154 2 0
A5 154 2 -1
G4 248 1 0
E5 248 1 -1
G5 248 1 0
rest 1
F4 330 1 0
G4 342 1 0
B4 342 1 0
C3 13 1 0
C4 60 1 0
G4 60 1 0
F3 107 1 0
C4 154 1 0
F4 154 1 0
G3 201 1 0
C4 248 1 0
E4 248 1 -1
G2 295 1 0
G3 342 1 0
D4 342 1 0
Measure Number: 35
rest 1
E4 123 1 0
G4 123 1 0
rest 1
F4 246 1 0
A4 246 1 -1
rest 1
E4 370 1 0
G4 370 1 0
rest 1
F4 494 1 0
A4 494 1 -1
B4 61 1 0
C5 123 2 0
D5 246 2 -1
C5 370 2 0
D5 494 1 0
C3 61 1 0
G3 123 1 0
C4 123 1 0
B2 185 1 0
A3 246 1 -1
D4 246 1 -1
C3 308 1 0
G3 370 1 0
C4 370 1 0
B2 432 1 0
A3 494 1 -1
D4 494 1 0
Measure Number: 36
rest 1
E4 71 1 0
G4 71 1 0
rest 1
F4 188 1 0
A4 188 1 -1
rest 1
E4 304 1 0
G4 304 1 0
rest 1
F4 421 1 0
A4 421 1 -1
D5 13 1 0
C5 71 2 0
D5 188 2 -1
C5 304 2 0
D5 421 1 0
C3 13 1 0
G3 71 1 0
C4 71 1 0
B2 129 1 0
A3 188 1 -1
D4 188 1 -1
C3 246 1 0
G3 304 1 0
C4 304 1 0
B2 363 1 0
A3 421 1 -1
D4 421 1 0
Measure Number: 37
rest 1
E4 70 1 0
G4 70 1 0
rest 1
F4 184 1 0
A4 184 1 -1
rest 1
E4 298 1 0
G4 298 1 0
rest 1
F4 412 1 0
A4 412 1 -1
D5 13 1 0
C5 70 2 0
D5 184 2 0
C5 298 2 0
D5 412 1 -1
C3 13 1 0
G3 70 1 0
C4 70 1 0
B2 127 1 0
A3 184 1 -1
D4 184 1 0
C3 241 1 0
G3 298 1 0
C4 298 1 0
B2 355 1 0
A3 412 1 -1
D4 412 1 -1
Measure Number: 38
rest 1
E4 111 1 0
G4 111 1 0
rest 1
F4 200 1 0
G4 212 1 1
rest 1
F4 313 1 1
A4 313 1 0
rest 1
E4 413 1 0
G4 413 1 1
D5 61 1 -1
C5 111 2 0
D5 212 2 0
D5 313 2 1
E5 413 1 0
C3 61 1 0
G3 111 1 0
C4 111 1 0
B2 162 1 0
G3 212 1 1
D4 212 1 0
B2 262 1 0
A3 313 1 0
D4 313 1 1
E2 363 1 0
E3 413 1 0
B3 413 1 0
D4 413 1 0
Measure Number: 39
rest 1
E4 55 1 0
A4 55 1 0
rest 1
A4 141 1 0
E5 141 1 0
rest 1
A4 227 1 0
D5 227 1 0
rest 1
G4 313 1 1
E5 313 1 0
E5 13 1 0
E5 55 2 0
A5 141 4 0
G5 313 1 1
A2 13 1 0
E3 55 1 0
C4 55 1 0
C3 98 1 0
A3 141 1 0
E4 141 1 0
B2 184 1 0
F3 227 1 0
D4 227 1 0
E3 270 1 0
B3 313 1 0
E4 313 1 0
Measure Number: 40
rest 1
A4 55 1 0
E5 55 1 0
rest 1
C5 139 1 0
E5 139 1 0
rest 1
C5 224 1 0
F5 224 1 0
rest 1
B4 309 1 0
F5 309 1 0
C6 139 4 0
B5 309 1 0
C3 13 1 0
A3 55 1 0
E4 55 1 0
A2 97 1 0
A3 139 1 0
E4 139 1 0
D3 182 1 0
A3 224 1 0
F4 224 1 0
D3 266 1 0
G3 309 1 1
F4 309 1 0
Measure Number: 41
rest 1
A4 55 1 0
F5 55 1 0
rest 1
E5 134 1 0
A5 134 1 0
E6 134 1 0
rest 1
D5 213 1 0
A5 213 1 0
D6 213 1 0
rest 1
E5 292 1 0
G5 292 1 1
E6 292 1 0
B5 16 1 0
A5 55 1 0
rest 1
C3 16 1 0
A3 55 1 0
F4 55 1 0
C3 95 1 0
A3 134 1 0
E4 134 1 0
B2 174 1 0
F3 213 1 0
D4 213 1 0
E2 253 1 0
E3 292 1 0
B3 292 1 0
D4 292 1 0
Measure Number: 42
rest 1
C5 103 1 0
E5 103 1 0
C6 103 1 0
rest 1
G4 187 1 1
E5 187 1 0
G5 187 1 1
rest 1
A4 270 1 0
E5 270 1 0
A5 270 1 0
rest 1
C5 354 1 0
E5 354 1 0
C6 354 1 0
A2 61 1 0
E3 103 1 0
C4 103 1 0
B2 145 1 0
E3 187 1 0
D4 187 1 0
C3 229 1 0
E3 270 1 0
E4 270 1 0
A2 312 1 0
E3 354 1 0
C4 354 1 0
Measure Number: 43
rest 1
B4 60 1 0
E5 60 1 0
B5 60 1 0
rest 1
A4 147 1 0
E5 147 1 0
A5 147 1 0
rest 1
E4 234 1 0
B4 234 1 0
E5 234 1 0
rest 1
A4 321 1 0
E5 321 1 0
A5 321 1 0
E2 16 1 0
E3 60 1 0
D4 60 1 0
A2 103 1 0
E3 147 1 0
C4 147 1 0
B2 190 1 0
E3 234 1 0
G3 234 1 1
D4 234 1 0
A2 278 1 0
E3 321 1 0
A3 321 1 0
C4 321 1 0
Measure Number: 44
rest 1
B4 59 1 0
E5 59 1 0
B5 59 1 0
rest 1
A4 145 1 0
E5 145 1 0
A5 145 1 0
rest 1
E4 231 1 0
B4 231 1 0
E5 231 1 0
rest 1
A4 318 1 0
E5 318 1 0
A5 318 1 0
E2 16 1 0
E3 59 1 0
G3 59 1 1
D4 59 1 0
A2 102 1 0
E3 145 1 0
A3 145 1 0
C4 145 1 0
B2 188 1 0
E3 231 1 0
G3 231 1 1
D4 231 1 0
A2 274 1 0
E3 318 1 0
A3 318 1 0
C4 318 1 0
Measure Number: 45
rest 1
B4 63 1 0
E5 63 1 0
B5 63 1 0
rest 1
C5 154 1 0
E5 154 1 0
C6 154 1 0
rest 1
G4 244 1 0
B4 244 1 0
G5 244 1 0
rest 1
A4 323 1 0
B4 335 1 0
F5 335 1 1
G2 18 1 0
G3 63 1 0
E4 63 1 0
A2 108 1 0
A3 154 1 0
E4 154 1 0
B2 199 1 0
B3 244 1 0
E4 244 1 0
B2 290 1 0
B3 335 1 0
D4 335 1 1
Measure Number: 46
rest 1
G4 113 1 1
B4 113 1 0
E5 113 1 0
rest 1
A4 218 1 0
C5 218 1 0
F5 218 1 1
rest 1
G4 322 1 0
B4 322 1 0
F5 310 1 0
G5 322 1 0
rest 1
G4 427 1 1
D5 415 1 0
E5 427 1 0
G5 427 1 1
E3 61 1 0
B3 113 1 0
E4 113 1 0
D3 165 1 1
C4 218 1 0
F4 218 1 1
D3 270 1 0
B3 322 1 0
F4 322 1 0
E2 374 1 0
B3 427 1 0
E4 427 1 0
Measure Number: 47
rest 1
A4 52 1 0
C5 52 1 0
E5 52 1 0
A5 52 1 0
rest 1
A4 132 1 0
E5 132 1 0
rest 1
A4 212 1 0
D5 212 1 0
rest 1
G4 291 1 1
E5 291 1 0
A5 132 4 0
G5 291 1 1
A2 13 1 0
A3 52 1 0
E4 52 1 0
C3 92 1 0
A3 132 1 0
E4 132 1 0
B2 172 1 0
F3 212 1 0
D4 212 1 0
E3 251 1 0
B3 291 1 0
E4 291 1 0
Measure Number: 48
rest 1
A4 56 1 0
E5 56 1 0
rest 1
C5 142 1 0
E5 142 1 0
rest 1
C5 228 1 0
F5 228 1 0
rest 1
B4 314 1 0
F5 314 1 0
G5 13 1 1
A5 56 2 0
C6 142 4 0
B5 314 1 0
C3 13 1 0
A3 56 1 0
E4 56 1 0
A2 99 1 0
A3 142 1 0
E4 142 1 0
D3 185 1 0
A3 228 1 0
F4 228 1 0
D3 271 1 0
G3 314 1 1
F4 314 1 0
Measure Number: 49
rest 1
A4 56 1 0
F5 56 1 0
rest 1
E5 136 1 0
A5 136 1 0
rest 1
D5 215 1 0
A5 215 1 0
rest 1
E5 295 1 0
G5 295 1 1
B5 16 1 0
A5 56 2 0
E6 136 2 0
D6 215 2 0
E6 295 1 0
C3 16 1 0
A3 56 1 0
F4 56 1 0
C3 96 1 0
A3 136 1 0
E4 136 1 0
B2 175 1 0
F3 215 1 0
D4 215 1 0
E2 255 1 0
E3 295 1 0
B3 295 1 0
D4 295 1 0
Measure Number: 50
rest 1
C5 105 1 0
E5 105 1 0
rest 1
B4 188 1 0
E5 188 1 0
rest 1
A4 271 1 0
E5 271 1 0
rest 1
C5 355 1 0
E5 355 1 0
E6 63 1 0
C6 105 2 0
B5 188 2 0
A5 271 3 0
A2 63 1 0
E3 105 1 0
A3 105 1 0
C4 105 1 0
B2 147 1 0
E3 188 1 0
G3 188 1 1
D4 188 1 0
C3 230 1 0
E3 271 1 0
A3 271 1 0
E4 271 1 0
rest 1
E3 355 1 0
A3 355 1 0
C4 355 1 0
Measure Number: 51
rest 1
B4 58 1 0
E5 58 1 0
rest 1
A4 142 1 0
E5 142 1 0
rest 1
E4 227 1 0
B4 227 1 0
rest 1
A4 311 1 0
E5 311 1 0
B5 58 2 0
A5 142 2 0
E5 227 2 0
A5 311 1 0
E2 16 1 0
E3 58 1 0
D4 58 1 0
A2 100 1 0
E3 142 1 0
C4 142 1 0
B2 185 1 0
E3 227 1 0
G3 227 1 1
D4 227 1 0
A2 269 1 0
E3 311 1 0
A3 311 1 0
C4 311 1 0
Measure Number: 52
rest 1
B4 62 1 0
E5 62 1 0
rest 1
A4 154 1 0
E5 154 1 0
rest 1
E4 245 1 0
B4 245 1 0
rest 1
G4 337 1 0
B4 337 1 -1
A5 16 1 0
B5 62 2 0
A5 154 2 0
E5 245 2 0
G5 337 1 0
E2 16 1 0
E3 62 1 0
D4 62 1 0
A2 108 1 0
E3 154 1 0
C4 154 1 0
B2 199 1 0
E3 245 1 0
D4 245 1 0
C3 291 1 1
B3 337 1 -1
E4 337 1 0
Measure Number: 53
rest 1
G4 57 1 -1
B4 57 1 -1
rest 1
F4 147 1 0
B4 147 1 -1
rest 1
F4 236 1 0
B4 236 1 -1
rest 1
D4 325 1 0
G4 325 1 1
G5 57 2 -1
F5 147 2 0
D5 236 2 0
B4 325 1 0
D3 13 1 0
B3 57 1 -1
D4 57 1 0
F3 102 1 0
B3 147 1 -1
D4 147 1 0
D2 191 1 0
F3 236 1 0
B3 236 1 -1
E2 280 1 0
E3 325 1 0
B3 325 1 0
Measure Number: 54
rest 1
C4 101 1 0
rest 1
D4 182 1 0
F4 182 1 0
rest 1
C4 262 1 0
E4 262 1 0
rest 1
D4 343 1 0
F4 343 1 0
A4 101 7 0
A2 61 1 0
E3 101 1 0
A3 101 1 0
D3 141 1 0
F3 182 1 0
A3 182 1 0
A2 222 1 0
E3 262 1 0
A3 262 1 0
D3 303 1 0
F3 343 1 0
A3 343 1 0
Measure Number: 55
rest 1
C4 59 2 0
E4 59 2 0
E4 151 2 0
A4 151 2 0
F4 244 2 0
B4 244 2 -1
D4 336 1 0
G4 336 1 1
A4 13 3 0
E5 151 2 0
D5 244 2 0
B4 336 1 0
A2 13 1 0
E3 59 1 0
A3 59 1 0
C2 105 1 0
E3 151 1 0
A3 151 1 0
D2 198 1 0
E3 244 1 0
A3 244 1 -1
E2 290 1 0
E3 336 1 0
B3 336 1 0
Measure Number: 56
D4 13 1 0
G4 13 1 1
C4 55 1 0
rest 1
D4 139 1 0
F4 139 1 0
rest 1
C4 223 1 0
E4 223 1 0
rest 1
D4 307 1 0
F4 307 1 0
B4 13 1 0
A4 55 7 0
A2 13 1 0
E3 55 1 0
A3 55 1 0
D3 97 1 0
F3 139 1 0
A3 139 1 0
A2 181 1 0
E3 223 1 0
A3 223 1 0
D3 265 1 0
F3 307 1 0
A3 307 1 0
Measure Number: 57
rest 1
C4 59 1 0
E4 59 1 0
rest 1
E4 153 1 0
A4 153 1 0
rest 1
A4 247 1 0
D5 247 1 1
rest 1
G4 340 1 1
E5 340 1 0
A4 13 3 0
E5 153 2 0
A5 247 2 0
G5 340 1 1
A2 13 1 0
E3 59 1 0
A3 59 1 0
C3 106 1 0
E3 153 1 0
C4 153 1 0
B2 200 1 0
B3 247 1 0
F4 247 1 1
E3 294 1 0
B3 340 1 0
E4 340 1 0
Measure Number: 58
rest 1
G4 125 1 0
C5 125 1 1
rest 1
F4 254 1 1
D5 254 1 0
rest 1
F4 382 1 0
B4 382 1 -1
rest 1
D4 511 1 0
G4 511 1 1
G5 61 1 1
G5 125 2 0
F5 254 2 1
F5 382 2 0
B4 511 1 0
A2 61 1 0
A3 125 1 0
E4 125 1 0
D3 189 1 0
A3 254 1 0
D4 254 1 0
D2 318 1 0
F3 382 1 0
B3 382 1 -1
E2 447 1 0
E3 511 1 0
B3 511 1 0
Measure Number: 59
rest 1
C4 68 1 0
E4 68 1 0
rest 1
D4 180 4 0
D4 403 1 0
G4 403 1 1
B4 13 1 0
A4 68 2 0
F4 180 2 0
B4 291 2 -1
D5 291 2 0
B4 403 1 0
A2 13 1 0
E3 68 1 0
A3 68 1 0
D3 124 1 0
F3 180 1 0
A3 180 1 0
D2 235 1 0
F3 291 1 0
B3 291 1 -1
E2 347 1 0
E3 403 1 0
B3 403 1 0
Measure Number: 60
D4 13 1 0
G4 13 1 1
B4 13 1 0
C4 70 2 0
A4 70 2 0
E4 184 2 0
A4 184 2 0
E5 184 2 0
F4 299 2 0
B4 299 2 -1
D5 299 2 0
D4 413 1 0
G4 413 1 1
F2 13 1 0
F3 70 1 0
A3 70 1 0
C2 127 1 0
C3 184 1 0
A3 184 1 0
D2 241 1 0
D3 299 1 0
B3 299 1 -1
E2 356 1 0
E3 413 1 0
B3 413 1 0
Measure Number: 61
D4 61 1 0
C4 125 1 0
rest 1
D4 252 1 0
F4 252 1 0
rest 1
C4 379 1 0
E4 379 1 0
rest 1
D4 507 1 0
F4 507 1 0
G4 61 1 1
A4 125 4 0
C5 379 2 0
B4 507 1 -1
A2 61 1 0
E3 125 1 0
A3 125 1 0
D3 188 1 0
F3 252 1 0
A3 252 1 0
A2 316 1 0
E3 379 1 0
A3 379 1 0
D3 443 1 0
F3 507 1 0
A3 507 1 0
Measure Number: 62
rest 1
C4 71 1 0
E4 71 1 0
rest 1
D4 188 1 0
F4 188 1 0
rest 1
C4 305 1 0
E4 305 1 0
rest 1
D4 421 1 0
F4 421 1 0
B4 13 1 -1
A4 71 4 0
C5 305 2 0
B4 421 1 -1
A2 13 1 0
E3 71 1 0
A3 71 1 0
D3 129 1 0
F3 188 1 0
A3 188 1 0
A2 246 1 0
E3 305 1 0
A3 305 1 0
A2 363 1 0
D3 421 1 0
B3 421 1 -1
Measure Number: 63
D4 8 0 0
D4 48 8 0
F4 48 8 0
B4 48 8 -1
A2 48 8 0
D3 48 8 0
F3 48 8 0
B3 48 8 -1
Measure Number: 64
D4 13 8 0
F4 13 8 0
B4 14 4 -1
D5 96 2 0
C5 148 2 1
A2 13 8 0
F3 13 8 0
Measure Number: 65
C4 58 8 1
E4 58 8 0
A4 58 8 0
A2 58 8 0
E3 58 8 0
A3 58 8 0
