Measure Number: 1
E4 80 480 0
E4 133 360 0
E4 181 120 0
E4 205 480 0
F4 258 480 0
rest 1920
Measure Number: 2
E4 12 480 0
C4 65 480 0
E4 119 960 0
rest 1920
Measure Number: 3
G3 15 480 0
C4 15 480 0
E4 15 480 0
G3 73 360 0
C4 73 360 0
E4 73 360 0
G3 125 120 0
C4 125 120 0
E4 125 120 0
G3 151 480 0
C4 151 480 0
E4 151 480 0
A3 210 480 0
C4 210 480 0
F4 210 480 0
C3 15 480 0
C3 73 360 0
C3 125 120 0
C3 151 480 0
F2 210 480 0
Measure Number: 4
G3 15 480 0
C4 15 480 0
E4 15 480 0
A3 75 480 0
C4 75 480 0
E4 135 960 0
rest 960
G3 136 480 0
C4 136 480 0
G3 196 480 1
D4 196 480 0
C2 15 480 0
F2 75 480 0
C2 136 480 0
B1 196 480 0
Measure Number: 5
F7 60 80 0
C7 101 80 0
E7 142 80 0
A6 183 80 0
D7 224 80 1
C7 265 80 0
D7 306 80 0
A6 347 80 0
C7 388 80 1
A6 429 80 0
C7 470 80 0
E6 521 80 0
B6 562 80 0
E6 603 80 0
B6 644 80 -1
C6 685 80 0
A6 726 80 0
E6 767 80 0
G6 808 80 1
C6 849 80 0
G6 890 80 0
C6 930 80 0
F6 971 80 1
A5 1012 80 0
A1 60 480 0
A3 306 360 0
C4 306 360 0
E4 306 360 0
A3 495 120 0
C4 495 120 0
E4 495 120 0
A3 562 480 0
C4 562 480 0
E4 562 480 0
A3 808 480 0
C4 808 480 0
F4 808 480 0
Measure Number: 6
F6 60 80 0
C6 102 80 0
E6 143 80 0
A5 185 80 0
D6 226 80 1
C6 267 80 0
D6 309 80 0
A5 350 80 0
C6 391 80 1
A5 433 80 0
C6 474 80 0
E5 515 80 0
B5 557 80 0
E5 598 80 0
B5 640 80 -1
C5 681 80 0
A5 722 80 0
E5 764 80 0
G5 805 80 1
C5 846 80 0
G5 888 80 0
C5 929 80 0
F5 971 80 1
A4 1012 80 0
A3 60 480 0
C4 60 480 0
E4 60 480 0
E3 309 480 0
A3 309 480 0
C4 309 480 0
A3 557 960 0
C4 557 960 0
E4 557 960 0
Measure Number: 7
F5 66 80 0
C5 107 80 0
E5 148 80 0
A4 188 80 0
D5 229 80 1
C5 270 80 0
D5 311 80 0
A4 351 80 0
C5 392 80 1
A4 433 80 0
C5 473 80 0
E4 524 80 0
B4 565 80 0
E4 606 80 0
B4 646 80 -1
C4 687 80 0
A4 728 80 0
E4 768 80 0
G4 809 80 1
C4 850 80 0
G4 891 80 0
C4 931 80 0
F4 972 80 1
A3 1013 80 0
A1 66 480 0
A2 311 360 0
E3 311 360 0
A2 499 120 0
E3 499 120 0
A2 565 480 0
E3 565 480 0
A2 809 480 0
F3 809 480 0
Measure Number: 8
F4 58 80 0
C4 74 80 0
E4 90 80 0
A3 106 80 0
D4 138 80 1
C4 157 80 0
D4 206 80 0
A3 222 80 0
C4 255 80 1
A3 271 80 0
C4 299 80 0
E3 315 80 0
B3 332 80 0
E3 348 80 0
B3 376 80 -1
C3 392 80 0
A3 408 80 0
E3 424 80 0
G3 455 80 1
C3 471 80 0
A3 487 80 0
E3 503 80 0
C4 519 80 0
F3 535 80 0
A2 58 480 0
E3 58 480 0
A1 206 480 0
E2 331 960 0
rest 480
A1 222 1440 0
Measure Number: 9
E4 20 80 0
B3 37 80 0
D4 55 80 0
F4 72 80 0
E5 89 80 0
B4 105 80 0
D5 122 80 0
F5 138 80 0
E6 155 80 0
B5 177 80 0
D6 200 80 0
F5 230 80 0
D6 247 80 0
A5 269 80 0
C6 291 80 0
F5 308 80 0
D5 325 80 0
A4 341 80 0
C5 358 80 0
F4 375 80 0
D4 391 80 0
A3 410 80 0
C4 432 80 0
F3 455 80 0
G1 20 480 1
F3 122 360 0
D4 122 360 0
F3 215 120 0
D4 215 120 0
F3 247 480 0
C4 247 480 0
A1 358 480 0
A2 358 480 0
Measure Number: 10
E4 73 80 0
B3 114 80 0
D4 155 80 0
F4 196 80 0
E5 236 80 0
B4 277 80 0
D5 318 80 0
F5 359 80 0
E6 400 80 0
B5 441 80 0
D6 482 80 0
F5 522 80 0
D6 563 80 0
A5 604 80 0
C6 645 80 0
F5 686 80 0
D5 727 80 0
A4 767 80 0
C5 808 80 0
F4 849 80 0
D4 890 80 0
A3 931 80 0
C4 972 80 0
B3 1012 80 0
G1 73 480 1
G2 73 480 1
G3 318 160 0
D4 318 160 0
F3 400 160 0
D4 400 160 0
E3 482 160 0
D4 482 160 0
E3 563 480 0
C4 563 480 0
A1 808 480 0
A2 808 480 0
Measure Number: 11
A4 58 80 0
E4 76 80 0
G4 107 80 1
B4 125 80 0
A5 143 80 0
E5 161 80 0
G5 215 80 1
B5 233 80 0
A6 256 80 0
E6 278 80 0
G6 312 80 1
B5 334 80 0
G6 357 80 1
D6 391 80 1
F6 425 80 1
B5 447 80 0
G5 466 80 1
D5 497 80 1
F5 548 80 1
B4 566 80 0
G4 584 80 1
D4 614 80 1
F4 645 80 1
B3 663 80 0
B1 58 480 0
B2 58 480 0
E4 215 160 0
G4 256 160 1
C5 312 160 1
B3 357 480 0
D4 357 480 1
A4 357 480 0
B4 369 480 0
B2 548 480 0
B3 548 480 0
rest 480
G3 215 480 1
B3 215 480 0
rest 960
Measure Number: 12
A4 15 80 0
E4 31 80 0
G4 62 80 1
B4 78 80 0
A5 94 80 0
E5 110 80 0
G5 141 80 1
B5 159 80 0
A6 182 80 0
E6 204 80 0
G6 238 80 1
B5 261 80 0
E7 283 480 0
rest 480
E2 15 480 0
E3 15 480 0
B3 141 160 0
G4 141 160 1
A3 182 160 1
F4 182 160 2
B3 238 160 0
G4 238 160 1
E3 283 480 0
G3 283 480 1
E4 283 480 0
rest 480
Measure Number: 13
F7 60 80 0
C7 101 80 0
E7 142 80 0
A6 183 80 0
D7 224 80 1
C7 265 80 0
D7 306 80 0
A6 347 80 0
C7 388 80 1
A6 429 80 0
C7 470 80 0
E6 521 80 0
B6 562 80 0
E6 603 80 0
B6 644 80 -1
C6 685 80 0
A6 726 80 0
E6 767 80 0
G6 808 80 1
C6 849 80 0
G6 890 80 0
C6 930 80 0
F6 971 80 1
A5 1012 80 0
A1 60 480 0
A3 306 360 0
C4 306 360 0
E4 306 360 0
A3 495 120 0
C4 495 120 0
E4 495 120 0
A3 562 480 0
C4 562 480 0
E4 562 480 0
A3 808 480 0
C4 808 480 0
F4 808 480 0
Measure Number: 14
F6 60 80 0
C6 102 80 0
E6 143 80 0
A5 185 80 0
D6 226 80 1
C6 267 80 0
D6 309 80 0
A5 350 80 0
C6 391 80 1
A5 433 80 0
C6 474 80 0
E5 515 80 0
B5 557 80 0
E5 598 80 0
B5 640 80 -1
C5 681 80 0
A5 722 80 0
E5 764 80 0
G5 805 80 1
C5 846 80 0
G5 888 80 0
C5 929 80 0
F5 971 80 1
A4 1012 80 0
A3 60 480 0
C4 60 480 0
E4 60 480 0
E3 309 480 0
A3 309 480 0
C4 309 480 0
A3 557 960 0
C4 557 960 0
E4 557 960 0
Measure Number: 15
F5 66 80 0
B4 107 80 -1
E5 148 80 0
G4 188 80 0
E5 229 80 -1
B4 270 80 -1
D5 311 80 0
G4 351 80 0
D5 392 80 -1
B4 433 80 -1
C5 473 80 0
G4 524 80 0
B4 565 80 0
G4 606 80 0
B4 646 80 -1
E4 687 80 0
A4 728 80 0
C4 768 80 0
G4 809 80 1
B3 850 80 -1
G4 891 80 0
C4 931 80 0
F4 972 80 1
B3 1013 80 -1
C1 66 480 0
C2 66 480 0
G2 311 360 0
E3 311 360 0
G2 499 120 0
E3 499 120 0
G2 565 480 0
E3 565 480 0
G2 809 480 0
F3 809 480 0
Measure Number: 16
F4 58 80 0
C4 99 80 0
E4 141 80 0
B3 182 80 -1
E4 224 80 -1
C4 265 80 0
D4 307 80 0
G3 348 80 0
D4 390 80 -1
B3 431 80 -1
C4 473 80 0
G3 514 80 0
B3 556 80 0
G3 597 80 0
C4 639 80 0
B3 680 80 -1
C4 722 80 1
G3 763 80 0
D4 804 80 -1
B3 846 80 -1
D4 887 80 1
G3 929 80 0
E4 970 80 0
B3 1012 80 -1
G2 58 480 0
E3 58 480 0
C3 307 480 0
G2 555 960 0
E3 555 960 0
rest 480
C2 306 1440 0
Measure Number: 17
A4 58 80 0
E4 99 80 0
G4 141 80 0
B4 182 80 -1
A5 224 80 0
E5 265 80 0
G5 307 80 0
B5 348 80 -1
A6 390 80 0
E6 431 80 0
G6 473 80 0
B5 514 80 -1
A6 556 80 0
E6 597 80 -1
G6 639 80 0
B5 680 80 -1
A5 722 80 0
E5 763 80 -1
G5 804 80 0
B4 846 80 -1
A4 887 80 0
E4 929 80 -1
G4 970 80 0
B3 1012 80 -1
C2 58 480 0
G3 307 160 0
B3 307 160 -1
E4 307 160 0
B2 390 160 0
C3 473 160 0
C3 556 480 1
G3 556 480 0
B3 556 480 -1
E4 556 480 -1
C2 804 480 1
C3 804 480 1
Measure Number: 18
A4 58 80 0
E4 99 80 0
G4 141 80 0
B4 182 80 -1
A5 224 80 0
E5 265 80 0
G5 307 80 0
B5 348 80 -1
A6 390 80 0
E6 431 80 0
G6 473 80 0
B5 514 80 -1
A6 556 80 0
E6 597 80 -1
G6 639 80 0
B5 680 80 -1
A5 722 80 0
E5 763 80 -1
G5 804 80 0
B4 846 80 -1
A4 887 80 0
E4 929 80 -1
G4 970 80 0
B3 1012 80 -1
D2 58 480 0
D3 58 480 0
B3 307 160 -1
D4 307 160 0
G4 307 160 0
C3 390 160 1
D3 473 160 0
E3 556 480 -1
B3 556 480 -1
D4 556 480 -1
G4 556 480 0
E2 804 480 -1
E3 804 480 -1
Measure Number: 19
A4 69 80 0
C4 110 80 0
G4 151 80 0
B3 191 80 -1
C5 232 80 0
A4 272 80 0
B4 313 80 -1
G4 353 80 0
A5 394 80 0
C5 435 80 0
G5 475 80 0
B4 526 80 -1
C6 566 80 0
A5 607 80 0
B5 648 80 -1
G5 688 80 0
A6 729 80 0
C6 769 80 0
G6 810 80 0
B5 850 80 -1
C7 891 80 0
A6 932 80 0
B6 972 80 -1
G6 1013 80 0
E2 69 480 0
E3 69 480 0
C4 313 360 0
C4 500 120 0
C4 566 480 0
C2 810 480 0
C3 810 480 0
Measure Number: 20
D7 60 80 0
A6 83 80 0
C7 105 80 0
F6 123 80 0
G6 153 80 1
F6 171 80 0
A6 188 80 0
C6 206 80 0
E6 223 80 0
C6 241 80 0
F6 258 80 0
A5 289 80 0
D6 321 80 1
A5 343 80 0
C6 366 80 0
F5 383 80 0
G5 414 80 1
F5 444 80 0
A5 462 80 0
C5 479 80 0
E5 497 80 0
C5 514 80 0
F5 532 80 0
A4 549 80 0
F2 60 480 0
F3 60 480 0
A4 188 360 0
A3 273 120 0
F3 321 960 0
A3 321 960 0
rest 960
D4 321 360 0
E4 429 120 0
F4 462 480 0
Measure Number: 21
E5 15 80 0
B4 31 80 0
D5 47 80 0
F5 63 80 0
E6 78 80 0
B5 101 80 0
D6 152 80 0
F6 168 80 0
E7 184 80 0
B6 206 80 0
D7 229 80 0
F6 244 80 0
A6 260 80 0
F6 276 80 0
G6 292 80 0
B5 308 80 0
A5 324 80 0
F5 339 80 0
G5 355 80 0
B4 371 80 0
E6 387 80 0
G5 406 80 0
D6 424 80 0
F5 440 80 0
G1 15 480 0
G2 15 480 0
B3 152 160 0
F4 184 160 0
A4 229 160 0
G4 260 480 0
G3 355 480 0
B3 355 480 0
F4 355 480 0
rest 480
G3 152 480 0
rest 960
Measure Number: 22
B5 60 80 0
G5 102 80 0
C6 143 80 0
E5 185 80 0
D6 226 80 1
C6 267 80 0
E6 309 80 0
G5 350 80 0
F6 391 80 1
E6 433 80 0
G6 474 80 0
C6 515 80 0
A6 557 80 1
G6 598 80 0
B6 640 80 0
E6 681 80 0
C7 722 80 0
G6 764 80 0
C7 805 80 1
E6 846 80 0
D7 888 80 0
G6 929 80 0
D7 971 80 1
E6 1012 80 0
C2 60 480 0
C3 60 480 0
C3 309 480 0
G3 309 480 0
E4 309 480 0
rest 960
Measure Number: 23
E7 60 80 0
B6 101 80 0
D7 142 80 1
G6 183 80 0
D7 224 80 0
B6 265 80 0
C7 306 80 1
G6 347 80 0
C7 388 80 0
G6 429 80 0
B6 470 80 0
E6 521 80 0
A6 562 80 1
G6 603 80 0
A6 644 80 0
E6 685 80 0
G6 726 80 1
E6 767 80 0
G6 808 80 0
C6 849 80 0
F6 890 80 1
C6 930 80 0
F6 971 80 0
G5 1012 80 0
E1 60 480 0
E2 60 480 0
E3 306 360 0
G3 306 360 0
B3 306 360 0
E3 495 120 0
G3 495 120 0
B3 495 120 0
E3 562 480 0
G3 562 480 0
B3 562 480 0
E3 808 480 0
G3 808 480 0
C4 808 480 0
Measure Number: 24
E6 60 80 0
B5 102 80 0
D6 143 80 1
G5 185 80 0
D6 226 80 0
B5 267 80 0
C6 309 80 1
G5 350 80 0
C6 391 80 0
G5 433 80 0
B5 474 80 0
E5 515 80 0
A5 557 80 1
G5 598 80 0
A5 640 80 0
E5 681 80 0
G5 722 80 1
E5 764 80 0
G5 805 80 0
C5 846 80 0
F5 888 80 1
C5 929 80 0
F5 971 80 0
G4 1012 80 0
E3 60 480 0
G3 60 480 0
B3 60 480 0
B2 309 480 0
E3 309 480 0
G3 309 480 0
E3 557 960 0
G3 557 960 0
B3 557 960 0
Measure Number: 25
E5 58 80 0
B4 99 80 0
D5 140 80 1
G4 181 80 0
D5 222 80 0
B4 263 80 0
C5 304 80 1
G4 345 80 0
C5 386 80 0
G4 427 80 0
B4 468 80 0
E4 520 80 0
A4 561 80 1
G4 602 80 0
A4 643 80 0
E4 684 80 0
G4 725 80 1
E4 766 80 0
G4 807 80 0
C4 848 80 0
F4 889 80 1
C4 930 80 0
F4 971 80 0
G3 1012 80 0
E1 58 480 0
E2 304 360 0
B2 304 360 0
E2 494 120 0
B2 494 120 0
E2 561 480 0
B2 561 480 0
E2 807 480 0
C3 807 480 0
Measure Number: 26
E4 58 80 0
B3 97 80 0
D4 137 80 1
G3 176 80 0
D4 216 80 0
B3 255 80 0
C4 343 80 1
G3 382 80 0
C4 422 80 0
G3 461 80 0
B3 501 80 0
E3 540 80 0
A3 580 80 1
G3 619 80 0
A3 659 80 0
B2 698 80 0
G3 738 80 1
E3 777 80 0
G3 817 80 0
B2 856 80 0
F3 895 80 1
E3 935 80 0
G3 974 80 0
C3 1014 80 0
E2 58 480 0
B2 58 480 0
E1 343 480 0
B1 579 960 0
rest 480
E1 359 1440 0
Measure Number: 27
B3 58 80 0
F3 96 80 1
A3 135 80 0
C4 173 80 0
B4 243 80 0
F4 282 80 1
A4 320 80 0
C5 359 80 0
B5 397 80 0
F5 435 80 1
A5 474 80 0
C5 522 80 0
A5 560 80 0
E5 598 80 0
G5 637 80 0
C5 675 80 0
A4 713 80 0
E4 752 80 0
G4 790 80 0
C4 829 80 0
A3 900 80 0
E3 938 80 0
G3 977 80 0
C3 1015 80 0
D1 58 480 1
D3 320 360 1
C4 320 360 0
D3 498 120 1
C4 498 120 0
E3 560 480 0
C4 560 480 0
E1 790 480 0
E2 790 480 0
Measure Number: 28
B3 58 80 0
F3 96 80 1
A3 134 80 0
C4 171 80 0
B4 241 80 0
F4 279 80 1
A4 317 80 0
C5 355 80 0
B5 393 80 0
F5 431 80 1
A5 469 80 0
C5 506 80 0
A5 544 80 0
E5 582 80 0
G5 620 80 0
C5 658 80 0
A4 696 80 0
E4 733 80 0
G4 804 80 0
C4 842 80 0
A3 880 80 0
E3 918 80 0
G3 956 80 0
F3 994 80 1
D1 58 480 1
D2 58 480 1
D3 317 160 1
D4 317 160 0
D3 393 240 1
C4 393 240 0
D3 506 80 1
B3 506 80 0
E3 544 480 0
B3 544 480 0
E1 804 480 0
E2 804 480 0
Measure Number: 29
E4 73 80 0
B3 89 80 0
D4 121 80 1
F4 152 80 1
E5 168 80 0
B4 185 80 0
D5 215 80 1
F5 246 80 1
E6 262 80 0
B5 285 80 0
D6 318 80 1
F5 346 80 1
D6 374 80 1
A5 408 80 1
C6 442 80 1
F5 458 80 1
D5 488 80 1
A4 519 80 1
C5 550 80 1
F4 566 80 1
D4 596 80 1
A3 629 80 1
C4 663 80 1
F3 696 80 1
F1 73 480 1
F2 73 480 1
B3 215 160 0
D4 262 160 1
G4 318 160 1
F3 374 480 1
A3 374 480 1
E4 362 480 0
F4 374 480 1
F1 550 480 1
F2 550 480 1
rest 480
F3 215 480 1
rest 960
Measure Number: 30
E4 15 80 0
B3 30 80 0
D4 62 80 1
F4 93 80 1
E5 108 80 0
B4 123 80 0
D5 154 80 1
F5 184 80 1
E6 199 80 0
B5 222 80 0
D6 256 80 1
F5 271 80 1
B6 286 480 0
rest 480
B1 15 480 0
B2 15 480 0
F3 154 160 1
D4 154 160 1
E3 199 160 1
C4 199 160 2
F3 256 160 1
D4 256 160 1
B2 286 480 0
D3 286 480 1
B3 286 480 0
rest 480
Measure Number: 31
C7 68 80 0
G6 109 80 0
B6 150 80 0
E6 190 80 0
A6 231 80 1
G6 271 80 0
A6 312 80 0
E6 353 80 0
G6 393 80 1
E6 434 80 0
G6 475 80 0
B5 525 80 0
F6 566 80 1
B5 607 80 0
F6 647 80 0
G5 688 80 0
E6 728 80 0
B5 769 80 0
D6 810 80 1
G5 850 80 0
D6 891 80 0
G5 931 80 0
C6 972 80 1
E5 1013 80 0
E2 68 480 0
E3 312 360 0
G3 312 360 0
B3 312 360 0
E3 500 120 0
G3 500 120 0
B3 500 120 0
E3 566 480 0
G3 566 480 0
B3 566 480 0
E3 810 480 0
G3 810 480 0
C4 810 480 0
Measure Number: 32
C6 68 80 0
G5 109 80 0
B5 150 80 0
E5 191 80 0
A5 232 80 1
G5 274 80 0
A5 315 80 0
E5 356 80 0
G5 397 80 1
E5 438 80 0
G5 479 80 0
B4 520 80 0
F5 561 80 1
B4 602 80 0
F5 643 80 0
G4 684 80 0
E5 725 80 0
B4 766 80 0
D5 807 80 1
G4 848 80 0
D5 889 80 0
G4 930 80 0
C5 971 80 1
E4 1012 80 0
E3 68 480 0
G3 68 480 0
B3 68 480 0
B2 315 480 0
E3 315 480 0
G3 315 480 0
E3 560 960 0
G3 560 960 0
B3 560 960 0
Measure Number: 33
C5 66 80 0
G4 106 80 0
B4 145 80 0
E4 184 80 0
A4 224 80 1
G4 263 80 0
A4 302 80 0
E4 342 80 0
G4 381 80 1
E4 420 80 0
G4 460 80 0
B3 509 80 0
F4 548 80 1
B3 588 80 0
F4 627 80 0
G3 666 80 0
E4 706 80 0
B3 745 80 0
E4 817 80 -1
F3 857 80 1
D4 896 80 0
G3 935 80 0
C4 975 80 1
F3 1014 80 0
G1 66 480 0
B2 302 360 0
B2 484 120 0
B2 548 480 0
C3 817 480 0
rest 480
D2 302 1440 0
Measure Number: 34
C4 69 80 0
G3 109 80 0
B3 150 80 0
E3 190 80 0
B3 230 80 -1
G3 270 80 0
A3 310 80 0
E3 350 80 0
A3 390 80 -1
E3 430 80 0
G3 470 80 0
B2 510 80 0
F3 550 80 1
F3 590 80 0
G3 631 80 0
B2 671 80 0
G3 711 80 1
F3 751 80 0
A3 791 80 0
D3 831 80 0
A3 871 80 1
G3 911 80 0
B3 951 80 0
F3 991 80 0
B2 69 480 0
G1 310 480 0
D2 550 960 0
D2 69 480 0
G1 326 1440 0
Measure Number: 35
E4 58 80 0
B3 74 80 0
D4 93 80 0
F4 110 80 0
E5 126 80 0
B4 143 80 0
D5 159 80 0
F5 176 80 0
E6 192 80 0
B5 215 80 0
D6 237 80 0
F5 254 80 0
E6 282 80 0
B5 314 80 -1
D6 337 80 0
F5 353 80 0
E5 370 80 0
B4 398 80 -1
D5 415 80 0
F4 431 80 0
E4 448 80 0
B3 478 80 -1
D4 497 80 0
F3 516 80 0
G1 58 480 0
D3 159 160 0
B3 159 160 0
F2 192 160 1
G2 237 160 0
A2 282 480 -1
D3 282 480 0
B3 282 480 -1
G1 415 480 1
Measure Number: 36
E4 16 80 0
A3 33 80 0
D4 51 80 0
F4 68 80 0
E5 85 80 0
A4 101 80 0
D5 118 80 0
F5 135 80 0
E6 151 80 0
A5 174 80 0
D6 196 80 0
F5 225 80 0
E6 254 80 0
G5 286 80 1
D6 305 80 0
F5 322 80 0
E5 339 80 0
G4 369 80 1
D5 386 80 0
F4 402 80 0
E4 419 80 0
G3 452 80 1
D4 470 80 0
F3 489 80 0
A1 16 480 0
F3 118 160 0
D4 118 160 0
G2 151 160 1
A2 196 160 0
B2 254 480 -1
F3 243 480 0
G3 254 480 1
D4 254 480 0
A1 386 480 1
Measure Number: 37
E4 58 80 0
G3 86 80 0
D4 105 80 0
F3 124 80 0
G4 141 80 0
E4 158 80 0
F4 175 80 0
D4 192 80 0
E5 210 80 0
G4 227 80 0
D5 244 80 0
F4 274 80 0
G5 291 80 0
E5 308 80 0
F5 326 80 0
D5 343 80 0
E6 360 80 0
G5 379 80 0
D6 397 80 0
F5 415 80 0
G6 432 80 0
E6 449 80 0
F6 466 80 0
D6 483 80 0
B1 58 480 0
G3 175 360 0
G3 259 120 0
G3 291 480 0
G1 397 480 0
G2 397 480 0
Measure Number: 38
A6 15 80 0
E6 33 80 0
G6 51 80 0
C6 69 80 0
E7 87 80 0
G6 106 80 0
D7 124 80 0
E6 142 80 0
C7 160 80 0
G6 192 80 1
B6 211 80 0
E6 229 80 0
B6 259 80 -1
F6 277 80 0
A6 308 80 -1
D6 336 80 -1
G6 365 80 -1
D6 383 80 -1
F6 401 80 0
A5 429 80 -1
E6 458 80 -1
A5 475 80 -1
D6 504 80 -1
F5 522 80 0
C2 15 480 0
C3 15 480 0
E3 124 160 0
C4 160 160 0
G4 211 160 1
F2 259 480 0
F3 401 160 0
A3 401 160 -1
D4 458 160 -1
A4 504 160 -1
Measure Number: 39
D6 60 80 -1
F5 92 80 1
C6 110 80 0
E5 138 80 0
G5 165 80 0
C5 183 80 0
A5 213 80 -1
E5 231 80 0
F5 262 80 1
C5 279 80 0
G5 297 80 0
E5 315 80 0
A5 343 80 0
B4 370 80 0
F5 401 80 1
F5 427 80 0
G5 445 80 0
B4 463 80 0
B5 480 80 0
F5 498 80 0
E6 527 80 0
G5 545 80 0
D6 574 80 0
F5 592 80 0
G2 60 480 0
G3 213 160 0
C4 213 160 0
E4 262 160 0
G4 297 160 0
G2 343 480 0
G3 480 480 0
D4 480 480 0
F4 469 480 0
G4 480 480 0
Measure Number: 40
D6 25 80 0
G5 43 80 0
C6 62 80 0
E5 78 80 0
A5 94 80 0
E5 110 80 0
G5 126 80 0
C5 142 80 0
F5 158 80 0
C5 174 80 0
E5 190 80 0
G4 206 80 0
A5 222 80 0
E5 238 80 0
G5 254 80 0
C5 270 80 0
F5 286 80 0
C5 302 80 0
E5 318 80 0
G4 334 80 0
A5 350 80 0
E5 366 80 0
G5 382 80 0
C5 398 80 0
C3 25 480 0
G3 25 480 0
E4 25 480 0
rest 480
rest 960
Measure Number: 41
E5 56 480 0
G5 56 480 0
G4 292 360 0
E5 292 360 0
G5 292 360 0
G4 474 120 0
E5 474 120 0
G5 474 120 0
G4 582 480 0
E5 582 480 0
G5 582 480 0
A4 818 480 0
E5 818 480 0
A5 818 480 0
A4 56 80 0
E4 96 80 0
G4 135 80 0
C4 174 80 1
F4 213 80 0
C4 253 80 1
E4 292 80 0
B3 331 80 -1
D4 371 80 0
B3 410 80 -1
C4 449 80 1
G3 498 80 0
C4 582 80 0
G3 621 80 0
B3 661 80 -1
E3 700 80 0
A3 739 80 0
E3 778 80 0
G3 818 80 0
C3 857 80 1
F3 896 80 0
C3 935 80 1
E3 975 80 0
B2 1014 80 -1
Measure Number: 42
G4 58 480 0
E5 58 480 0
G5 58 480 0
G4 301 480 0
C5 301 480 1
E5 301 480 0
G4 544 960 0
E5 544 960 0
G5 544 960 0
D3 58 80 0
B2 98 80 -1
C3 139 80 1
G2 180 80 0
C3 220 80 0
G2 261 80 0
B2 301 80 -1
E2 342 80 0
A2 382 80 0
E2 423 80 0
G2 464 80 0
C2 504 80 1
F2 545 80 0
C2 585 80 1
E2 626 80 0
B1 666 80 -1
D2 707 80 0
B1 747 80 -1
C2 788 80 1
G1 829 80 0
C2 869 80 0
G1 910 80 0
B1 950 80 -1
E1 991 80 0
Measure Number: 43
G5 70 480 0
B5 70 480 -1
B4 305 360 -1
G5 305 360 0
B5 305 360 -1
B4 486 120 -1
G5 486 120 0
B5 486 120 -1
B4 583 480 -1
G5 583 480 0
B5 583 480 -1
C5 818 480 0
G5 818 480 0
C6 818 480 0
C5 70 80 0
G4 109 80 0
B4 148 80 -1
E4 187 80 0
A4 226 80 0
E4 266 80 0
G4 305 80 0
C4 344 80 1
F4 383 80 0
C4 422 80 1
E4 462 80 0
B3 511 80 -1
D4 583 80 0
B3 622 80 -1
C4 661 80 1
G3 700 80 0
C4 740 80 0
G3 779 80 0
B3 818 80 -1
E3 857 80 0
A3 897 80 0
E3 936 80 0
G3 975 80 0
C3 1014 80 1
Measure Number: 44
B4 70 480 -1
G5 70 480 0
B5 70 480 -1
B4 316 480 -1
E5 316 480 0
G5 316 480 0
B4 561 960 -1
G5 561 960 0
B5 561 960 -1
F3 70 80 0
C3 111 80 1
E3 152 80 0
B2 193 80 -1
D3 234 80 0
B2 275 80 -1
C3 316 80 1
G2 357 80 0
C3 398 80 0
G2 439 80 0
B2 480 80 -1
E2 521 80 0
A2 562 80 0
E2 603 80 0
G2 644 80 0
C2 685 80 1
F2 726 80 0
C2 767 80 1
E2 808 80 0
B1 848 80 -1
D2 889 80 0
B1 930 80 -1
C2 971 80 1
G1 1012 80 0
Measure Number: 45
C7 60 80 0
E6 101 80 -1
B6 141 80 -1
D6 182 80 -1
A6 223 80 -1
E6 263 80 -1
G6 304 80 0
D6 344 80 -1
F6 385 80 0
D6 425 80 -1
E6 466 80 -1
G5 516 80 0
F6 557 80 0
C6 597 80 0
E6 638 80 -1
A5 678 80 -1
D6 719 80 -1
A5 760 80 -1
C6 800 80 0
E5 841 80 -1
B5 881 80 -1
E5 922 80 -1
A5 962 80 -1
C5 1013 80 0
E1 60 480 -1
E2 60 480 -1
E4 304 360 -1
E4 491 120 -1
E4 557 480 -1
A4 800 360 -1
C4 987 120 0
rest 960
E3 557 480 -1
C4 557 480 0
rest 480
Measure Number: 46
C6 72 80 0
E5 112 80 -1
B5 153 80 -1
D5 193 80 -1
A5 233 80 0
E5 274 80 -1
B5 314 80 -1
D5 355 80 -1
D6 395 80 -1
E5 436 80 -1
G5 476 80 0
D5 527 80 -1
B5 567 80 -1
E5 608 80 -1
A5 648 80 -1
C5 689 80 0
G5 729 80 0
E5 770 80 -1
A5 810 80 -1
C5 851 80 0
B5 891 80 -1
E5 932 80 -1
A5 972 80 -1
C5 1013 80 0
E4 72 480 -1
B3 314 360 -1
E4 502 120 -1
C4 567 480 0
rest 480
E3 71 960 -1
A2 567 480 -1
E3 567 480 -1
rest 480
Measure Number: 47
G6 69 80 1
B5 110 80 0
F6 150 80 1
A5 190 80 0
E6 230 80 0
B5 270 80 0
D6 310 80 1
A5 351 80 0
C6 391 80 1
A5 431 80 0
B5 471 80 0
F5 521 80 1
E6 561 80 0
G5 602 80 1
D6 642 80 1
E5 682 80 0
C6 722 80 1
G5 762 80 1
B5 802 80 0
E5 842 80 0
A5 883 80 0
E5 923 80 0
G5 963 80 1
B4 1013 80 0
B1 69 480 0
B2 69 480 0
B3 310 360 0
B3 496 120 0
B3 561 480 0
rest 120
rest 960
B2 561 480 0
G3 561 480 1
E4 802 240 0
rest 120
G3 988 120 1
Measure Number: 48
G5 70 80 1
D5 111 80 1
F5 152 80 1
A4 193 80 0
E5 234 80 1
D5 275 80 1
F5 316 80 1
A4 357 80 0
A5 398 80 0
B4 439 80 0
D5 480 80 1
A4 521 80 0
F5 562 80 1
B4 603 80 0
F5 644 80 0
G4 685 80 1
E5 726 80 0
B4 767 80 0
D5 808 80 1
G4 848 80 1
D5 889 80 0
B4 930 80 0
C5 971 80 1
G4 1012 80 1
B3 70 480 0
F3 316 160 1
G3 398 160 1
A3 480 160 0
G3 562 480 1
rest 480
B2 70 960 0
E2 562 480 0
B2 562 480 0
rest 480
Measure Number: 49
C5 70 80 1
G4 110 80 1
B4 150 80 0
D4 190 80 0
C5 231 80 1
G4 271 80 1
B4 311 80 0
D5 351 80 0
C6 391 80 1
G5 431 80 1
B5 471 80 0
D6 511 80 0
C7 552 80 1
G6 592 80 1
B6 632 80 0
D6 672 80 0
C6 712 80 1
G5 762 80 1
B5 802 80 0
D5 843 80 0
C5 883 80 1
G4 923 80 1
B4 963 80 0
D4 1013 80 0
E2 70 480 0
E3 70 480 0
B1 311 160 0
B2 311 160 0
G1 391 160 1
G2 391 160 1
B1 471 160 0
B2 471 160 0
E1 552 240 0
E2 552 240 0
rest 120
E2 737 120 0
E3 737 120 0
F2 802 360 1
F3 802 360 1
E2 988 120 0
E3 988 120 0
Measure Number: 50
D5 71 80 0
G4 112 80 0
C5 153 80 0
C4 194 80 0
F5 235 80 0
C5 276 80 0
E5 317 80 -1
G4 358 80 0
A5 399 80 -1
E5 439 80 -1
G5 480 80 0
C5 521 80 0
C6 562 80 0
G5 603 80 0
B5 644 80 0
E5 685 80 -1
B5 726 80 -1
G5 767 80 0
A5 808 80 0
E5 849 80 -1
A5 890 80 -1
E5 931 80 -1
G5 971 80 0
C5 1012 80 0
E2 71 480 -1
E3 71 480 -1
C2 317 480 0
C3 317 480 0
E2 562 480 -1
E3 562 480 -1
F2 808 160 0
F3 808 160 0
F2 890 160 1
F3 890 160 1
G2 971 160 0
G3 971 160 0
Measure Number: 51
F5 69 80 0
C5 109 80 0
E5 150 80 -1
G4 190 80 -1
F5 230 80 0
C5 270 80 0
E5 310 80 -1
G5 350 80 -1
F6 391 80 0
C6 431 80 0
E6 471 80 -1
G6 511 80 -1
F7 551 80 0
C7 591 80 0
E7 632 80 -1
G6 672 80 -1
F6 712 80 0
C6 762 80 0
E6 802 80 -1
G5 842 80 -1
F5 883 80 0
C5 923 80 0
D5 963 80 1
F4 1013 80 1
A2 69 480 -1
A3 69 480 -1
E2 310 160 -1
E3 310 160 -1
C2 391 160 0
C3 391 160 0
E2 471 160 -1
E3 471 160 -1
A1 551 240 -1
A2 551 240 -1
rest 120
A2 737 120 -1
A3 737 120 -1
B2 802 360 -1
B3 802 360 -1
A2 988 120 -1
A3 988 120 -1
Measure Number: 52
F5 70 80 1
B4 111 80 0
E5 152 80 0
E4 193 80 0
A5 234 80 0
E5 275 80 0
G5 316 80 0
B4 357 80 0
C6 398 80 0
G5 439 80 0
B5 480 80 0
E5 521 80 0
E6 562 80 0
B5 603 80 0
D6 644 80 1
G5 685 80 0
D6 726 80 0
B5 767 80 0
C6 808 80 1
G5 848 80 0
C6 889 80 0
G5 930 80 0
B5 971 80 0
E5 1012 80 0
G2 70 480 0
G3 70 480 0
E2 316 480 0
E3 316 480 0
G2 562 480 0
G3 562 480 0
A2 808 160 0
A3 808 160 0
A2 889 160 1
A3 889 160 1
B2 971 160 0
B3 971 160 0
Measure Number: 53
B5 70 80 -1
E5 88 80 0
A5 105 80 0
B4 134 80 -1
A5 164 80 -1
E5 192 80 0
G5 210 80 0
B4 228 80 -1
A5 256 80 0
E5 274 80 0
G5 291 80 0
B4 309 80 -1
G5 326 80 0
C5 344 80 0
F5 375 80 1
A4 392 80 0
F5 419 80 0
C5 436 80 0
F5 467 80 1
A4 484 80 0
G5 502 80 0
B4 529 80 0
F5 546 80 1
A4 564 80 0
C3 70 480 0
C4 70 480 0
C2 210 480 0
G2 210 480 0
E3 210 480 0
F2 326 480 0
C3 326 480 0
A3 326 480 0
B1 467 480 0
D3 467 480 1
Measure Number: 54
F5 18 80 1
B4 35 80 0
F5 61 80 0
G4 78 80 0
E5 95 80 0
B4 112 80 0
E5 129 80 0
G4 146 80 0
F5 163 80 0
A4 180 80 0
E5 197 80 0
G4 214 80 0
E5 231 80 0
A4 248 80 0
C5 279 80 1
F4 296 80 0
D5 313 80 0
A4 330 80 0
D5 347 80 0
E4 364 80 0
B4 381 80 0
A4 398 80 0
C5 424 80 0
E4 441 80 0
E2 18 480 0
B2 18 480 0
G3 18 480 0
A2 129 480 0
E3 129 480 0
C4 129 480 1
D3 231 480 0
A3 231 480 0
D4 231 480 0
A2 347 480 0
E3 347 480 0
C4 347 480 0
Measure Number: 55
C5 58 80 0
A4 76 80 0
B4 94 80 0
F4 112 80 0
C5 130 80 0
A4 148 80 0
B4 166 80 0
F5 184 80 0
C6 202 80 0
A5 225 80 0
B5 247 80 0
F6 269 80 0
C7 292 80 0
A6 314 80 0
B6 337 80 0
F6 355 80 0
C6 373 80 0
A5 403 80 0
B5 421 80 0
F5 439 80 0
C5 457 80 0
A4 475 80 0
B4 493 80 0
F4 511 80 0
D2 58 480 0
D3 58 480 0
F3 166 480 0
F4 166 480 0
rest 120
B2 421 480 0
B3 421 480 0
rest 960
A2 292 240 1
A3 292 240 1
rest 120
C3 388 120 0
C4 388 120 0
rest 480
Measure Number: 56
B4 20 80 0
F4 51 80 1
A4 68 80 0
C4 86 80 0
B4 104 80 0
F4 122 80 1
A4 140 80 0
C5 158 80 0
B5 176 80 0
F5 208 80 1
A5 226 80 0
C6 248 80 0
B6 270 80 0
F6 302 80 1
A6 320 80 0
C6 338 80 0
B5 356 80 0
F5 386 80 1
A5 404 80 0
C5 422 80 0
B4 440 80 0
F4 458 80 1
A4 476 80 0
C4 494 80 0
D2 20 480 1
D3 20 480 1
F3 140 480 1
F4 140 480 1
rest 120
C3 404 480 0
C4 404 480 0
rest 960
A2 270 240 0
A3 270 240 0
rest 120
D3 371 120 0
D4 371 120 0
rest 480
Measure Number: 57
A4 61 80 0
E4 102 80 0
G4 143 80 1
B4 184 80 0
A5 225 80 0
E5 266 80 0
G5 307 80 1
B5 348 80 0
A6 388 80 0
E6 429 80 0
G6 470 80 1
B5 521 80 0
G6 562 80 1
D6 603 80 0
F6 644 80 1
B5 685 80 0
G5 726 80 1
D5 767 80 0
F5 808 80 1
B4 849 80 0
G4 890 80 1
D4 931 80 0
F4 972 80 1
B3 1012 80 0
E2 58 480 0
B3 307 360 0
E4 496 120 0
D4 562 960 0
E3 58 1920 0
Measure Number: 58
F4 70 80 1
C4 111 80 1
E4 151 80 0
G4 192 80 1
F5 232 80 1
C5 273 80 1
E5 313 80 0
G5 354 80 1
F6 394 80 1
C6 435 80 1
E6 476 80 0
G5 526 80 1
E6 567 80 0
B5 607 80 0
D6 648 80 0
F5 688 80 1
E5 729 80 0
B4 769 80 0
D5 810 80 0
F4 851 80 1
E4 891 80 0
B3 932 80 0
D4 972 80 0
F3 1013 80 1
E1 70 480 0
E2 70 480 0
G3 313 360 1
C4 501 120 1
B3 566 960 0
Measure Number: 59
C4 72 80 1
G3 106 80 1
B3 128 80 0
F3 157 80 0
E4 173 80 0
B3 189 80 0
D4 207 80 0
G3 240 80 1
G4 266 80 0
D4 282 80 0
F4 309 80 0
B3 339 80 0
A4 355 80 0
F4 371 80 0
G4 401 80 1
D4 417 80 0
C5 444 80 0
G4 460 80 1
B4 475 80 0
F4 491 80 0
E5 507 80 0
B4 523 80 0
D5 539 80 0
G4 569 80 1
E1 51 0 0
E2 69 1920 0
rest 480
F3 207 360 0
F3 324 120 0
F3 355 480 0
G3 475 480 0
Measure Number: 60
G5 14 80 0
D5 30 80 0
F5 45 80 0
B4 61 80 0
A5 76 80 0
F5 92 80 0
G5 123 80 1
D5 138 80 0
C6 154 80 0
G5 173 80 1
B5 191 80 0
F5 207 80 0
E6 223 80 0
B5 238 80 0
D6 254 80 0
G5 285 80 1
G6 311 80 0
D6 327 80 0
F6 342 80 0
B5 358 80 0
A6 374 80 0
F6 389 80 0
G6 420 80 1
D6 436 80 0
E2 11 1920 0
F3 17 480 0
D3 123 480 0
F3 222 960 0
Measure Number: 61
F7 60 80 0
B6 101 80 0
E7 141 80 0
G6 182 80 1
D7 222 80 1
B6 263 80 0
D7 303 80 0
G6 344 80 1
C7 384 80 1
G6 425 80 0
C7 465 80 0
F6 505 80 0
B6 546 80 0
F6 586 80 0
B6 627 80 -1
D6 667 80 0
A6 708 80 0
F6 748 80 0
G6 789 80 1
B5 829 80 0
G6 870 80 0
D6 910 80 0
F6 950 80 1
G5 991 80 1
E2 60 80 0
B2 101 80 0
G2 141 80 1
D3 182 80 0
G2 222 80 1
D3 263 80 0
B2 303 80 0
F3 344 80 0
B2 384 80 0
F3 425 80 0
D3 465 80 0
G3 505 80 1
D3 546 80 0
G3 586 80 1
F3 627 80 0
B3 667 80 0
F3 708 80 0
B3 748 80 0
G3 789 80 1
D4 829 80 0
G3 870 80 1
D4 910 80 0
B3 950 80 0
F4 991 80 0
Measure Number: 62
F6 60 80 0
B5 112 80 0
E6 165 80 0
G5 218 80 1
D6 270 80 1
B5 323 80 0
D6 375 80 0
G5 428 80 1
C6 481 80 1
G5 533 80 0
C6 586 80 0
F5 638 80 0
F5 691 240 0
B5 691 240 0
rest 240
rest 480
B3 60 80 0
F4 112 80 0
D4 165 80 0
G4 218 80 1
D4 270 80 0
G4 323 80 1
F4 375 80 0
B4 428 80 0
F4 481 80 0
B4 533 80 0
G4 586 80 0
D5 638 80 0
D5 691 240 0
G5 691 240 1
rest 240
rest 480
Measure Number: 63
B6 60 80 0
F6 102 80 0
A6 143 80 1
D6 185 80 0
A6 226 80 0
F6 267 80 0
G6 309 80 1
D6 350 80 0
G6 391 80 0
D6 433 80 0
F6 474 80 1
B5 515 80 0
F6 557 80 0
B5 598 80 0
E6 640 80 0
G5 681 80 1
D6 722 80 1
B5 764 80 0
D6 805 80 0
G5 846 80 1
C6 888 80 1
G5 929 80 1
C6 971 80 0
F5 1012 80 0
B1 60 80 0
F2 102 80 0
D2 143 80 0
G2 185 80 1
D2 226 80 0
G2 267 80 1
F2 309 80 0
B2 350 80 0
F2 391 80 0
B2 433 80 0
G2 474 80 1
D3 515 80 0
G2 557 80 1
D3 598 80 0
B2 640 80 0
F3 681 80 0
B2 722 80 0
F3 764 80 0
D3 805 80 0
G3 846 80 1
D3 888 80 0
G3 929 80 1
F3 971 80 0
B3 1012 80 0
Measure Number: 64
B5 60 80 0
F5 111 80 0
A5 162 80 1
D5 212 80 0
A5 263 80 0
F5 314 80 0
G5 400 80 1
D5 451 80 0
G5 501 80 0
D5 552 80 0
F5 602 80 1
B4 653 80 0
G4 704 240 1
D5 704 240 0
F5 704 240 0
rest 240
rest 480
F3 60 80 0
B3 111 80 0
G3 162 80 1
D4 212 80 0
G3 263 80 1
D4 314 80 0
B3 400 80 0
F4 451 80 0
B3 501 80 0
F4 552 80 0
D4 602 80 0
G4 653 80 1
F4 704 240 0
B4 704 240 0
rest 240
rest 480
rest 720
D4 602 160 0
D4 704 240 0
rest 720
Measure Number: 65
F5 58 80 0
D5 80 80 0
E5 103 80 0
G4 133 240 1
rest 480
F5 232 80 0
D5 254 80 0
E5 276 80 0
G4 298 240 1
rest 480
F4 58 80 0
D4 80 80 0
E4 103 80 0
B3 133 240 0
rest 480
F4 232 80 0
D4 254 80 0
E4 276 80 0
B3 298 240 0
rest 480
Measure Number: 66
F5 15 80 0
D5 42 80 0
E5 68 80 0
G4 99 80 1
F5 125 80 0
D5 152 80 0
E5 178 80 0
G4 204 80 1
F5 231 80 0
D5 257 80 0
E5 284 80 0
G4 310 80 1
F5 337 80 0
D5 363 80 0
E5 390 80 0
G4 416 80 1
F5 443 80 0
D5 469 80 0
E5 496 80 0
G4 522 80 1
F5 549 80 0
D5 575 80 0
E5 602 80 0
G4 628 80 1
F4 15 80 0
D4 42 80 0
E4 68 80 0
B3 99 80 0
F4 125 80 0
D4 152 80 0
E4 178 80 0
B3 204 80 0
F4 231 80 0
D4 257 80 0
E4 284 80 0
B3 310 80 0
F4 337 80 0
D4 363 80 0
E4 390 80 0
B3 416 80 0
F4 443 80 0
D4 469 80 0
E4 496 80 0
B3 522 80 0
F4 549 80 0
D4 575 80 0
E4 602 80 0
B3 628 80 0
Measure Number: 67
F5 58 80 0
D5 99 80 0
E5 141 80 0
G4 182 80 1
F5 224 80 0
D5 265 80 0
E5 307 80 0
G4 348 80 1
F5 390 80 0
D5 431 80 0
E5 473 80 0
G4 514 80 1
F5 556 80 0
D5 597 80 0
E5 639 80 0
G4 680 80 1
F5 722 80 0
D5 763 80 0
E5 804 80 0
G4 846 80 1
F5 887 80 0
D5 929 80 0
E5 970 80 0
G4 1012 80 1
F4 58 80 0
E4 99 80 0
D4 141 80 1
D4 182 80 0
C4 224 80 1
C4 265 80 0
B3 307 80 0
A3 348 80 1
A3 390 80 0
G3 431 80 1
G3 473 80 0
F3 514 80 1
F3 556 80 0
E3 597 80 0
D3 639 80 1
D3 680 80 0
C3 722 80 1
C3 763 80 0
B2 804 80 0
A2 846 80 1
A2 887 80 0
G2 929 80 1
G2 970 80 0
F2 1012 80 1
Measure Number: 68
F5 67 80 0
D5 108 80 0
E5 150 80 0
G4 191 80 1
F5 232 80 0
D5 273 80 0
E5 314 80 0
G5 355 80 1
F6 396 80 0
D6 437 80 0
E6 478 80 0
G6 519 80 1
F7 560 80 0
D7 601 80 0
E7 643 80 0
G6 684 80 1
F7 725 80 0
D7 766 80 0
E7 807 80 0
G6 848 80 1
F7 889 80 0
D7 930 80 0
E7 971 80 0
G6 1012 80 1
F2 67 80 0
E2 108 80 0
D2 150 80 1
E2 191 80 0
F2 232 80 0
E2 273 80 0
D2 314 80 1
E2 355 80 0
F2 396 80 0
E2 437 80 0
D2 478 80 1
E2 519 80 0
F2 560 80 0
E2 601 80 0
D2 643 80 1
E2 684 80 0
F2 725 80 0
E2 766 80 0
D2 807 80 1
E2 848 80 0
F2 889 80 0
E2 930 80 0
D2 971 80 1
E2 1012 80 0
Measure Number: 69
F7 60 80 0
C7 101 80 0
E7 142 80 0
A6 183 80 0
D7 224 80 1
C7 265 80 0
D7 306 80 0
A6 347 80 0
C7 388 80 1
A6 429 80 0
C7 470 80 0
E6 521 80 0
B6 562 80 0
E6 603 80 0
B6 644 80 -1
C6 685 80 0
A6 726 80 0
E6 767 80 0
G6 808 80 1
C6 849 80 0
G6 890 80 0
C6 930 80 0
F6 971 80 1
A5 1012 80 0
A1 60 480 0
A3 306 360 0
C4 306 360 0
E4 306 360 0
A3 495 120 0
C4 495 120 0
E4 495 120 0
A3 562 480 0
C4 562 480 0
E4 562 480 0
A3 808 480 0
C4 808 480 0
F4 808 480 0
Measure Number: 70
F6 60 80 0
C6 102 80 0
E6 143 80 0
A5 185 80 0
D6 226 80 1
C6 267 80 0
D6 309 80 0
A5 350 80 0
C6 391 80 1
A5 433 80 0
C6 474 80 0
E5 515 80 0
B5 557 80 0
E5 598 80 0
B5 640 80 -1
C5 681 80 0
A5 722 80 0
E5 764 80 0
G5 805 80 1
C5 846 80 0
G5 888 80 0
C5 929 80 0
F5 971 80 1
A4 1012 80 0
A3 60 480 0
C4 60 480 0
E4 60 480 0
E3 309 480 0
A3 309 480 0
C4 309 480 0
A3 557 960 0
C4 557 960 0
E4 557 960 0
Measure Number: 71
F5 66 80 0
C5 107 80 0
E5 148 80 0
A4 188 80 0
D5 229 80 1
C5 270 80 0
D5 311 80 0
A4 351 80 0
C5 392 80 1
A4 433 80 0
C5 473 80 0
E4 524 80 0
B4 565 80 0
E4 606 80 0
B4 646 80 -1
C4 687 80 0
A4 728 80 0
E4 768 80 0
G4 809 80 1
C4 850 80 0
G4 891 80 0
C4 931 80 0
F4 972 80 1
A3 1013 80 0
A1 66 480 0
A2 311 360 0
E3 311 360 0
A2 499 120 0
E3 499 120 0
A2 565 480 0
E3 565 480 0
A2 809 480 0
F3 809 480 0
Measure Number: 72
F4 58 80 0
C4 74 80 0
E4 90 80 0
A3 106 80 0
D4 138 80 1
C4 157 80 0
D4 206 80 0
A3 222 80 0
C4 255 80 1
A3 271 80 0
C4 299 80 0
E3 315 80 0
B3 332 80 0
E3 348 80 0
B3 376 80 -1
C3 392 80 0
A3 408 80 0
E3 424 80 0
G3 455 80 1
C3 471 80 0
A3 487 80 0
E3 503 80 0
C4 519 80 0
F3 535 80 0
A2 58 480 0
E3 58 480 0
A1 206 480 0
E2 331 960 0
rest 480
A1 222 1440 0
Measure Number: 73
E4 20 80 0
B3 37 80 0
D4 55 80 0
F4 72 80 0
E5 89 80 0
B4 105 80 0
D5 122 80 0
F5 138 80 0
E6 155 80 0
B5 177 80 0
D6 200 80 0
F5 230 80 0
D6 247 80 0
A5 269 80 0
C6 291 80 0
F5 308 80 0
D5 325 80 0
A4 341 80 0
C5 358 80 0
F4 375 80 0
D4 391 80 0
A3 410 80 0
C4 432 80 0
F3 455 80 0
G1 20 480 1
F3 122 360 0
D4 122 360 0
F3 215 120 0
D4 215 120 0
F3 247 480 0
C4 247 480 0
A1 358 480 0
A2 358 480 0
Measure Number: 74
E4 73 80 0
B3 114 80 0
D4 155 80 0
F4 196 80 0
E5 236 80 0
B4 277 80 0
D5 318 80 0
F5 359 80 0
E6 400 80 0
B5 441 80 0
D6 482 80 0
F5 522 80 0
D6 563 80 0
A5 604 80 0
C6 645 80 0
F5 686 80 0
D5 727 80 0
A4 767 80 0
C5 808 80 0
F4 849 80 0
D4 890 80 0
A3 931 80 0
C4 972 80 0
B3 1012 80 0
G1 73 480 1
G2 73 480 1
G3 318 160 0
D4 318 160 0
F3 400 160 0
D4 400 160 0
E3 482 160 0
D4 482 160 0
E3 563 480 0
C4 563 480 0
A1 808 480 0
A2 808 480 0
Measure Number: 75
A4 58 80 0
E4 76 80 0
G4 107 80 1
B4 125 80 0
A5 143 80 0
E5 161 80 0
G5 215 80 1
B5 233 80 0
A6 256 80 0
E6 278 80 0
G6 312 80 1
B5 334 80 0
G6 357 80 1
D6 391 80 1
F6 425 80 1
B5 447 80 0
G5 466 80 1
D5 497 80 1
F5 548 80 1
B4 566 80 0
G4 584 80 1
D4 614 80 1
F4 645 80 1
B3 663 80 0
B1 58 480 0
B2 58 480 0
E4 215 160 0
G4 256 160 1
C5 312 160 1
B3 357 480 0
D4 357 480 1
A4 357 480 0
B4 369 480 0
B2 548 480 0
B3 548 480 0
rest 480
G3 215 480 1
B3 215 480 0
rest 960
Measure Number: 76
A4 15 80 0
E4 31 80 0
G4 62 80 1
B4 78 80 0
A5 94 80 0
E5 110 80 0
G5 141 80 1
B5 159 80 0
A6 182 80 0
E6 204 80 0
G6 238 80 1
B5 261 80 0
E7 283 480 0
rest 480
E2 15 480 0
E3 15 480 0
B3 141 160 0
G4 141 160 1
A3 182 160 1
F4 182 160 2
B3 238 160 0
G4 238 160 1
E3 283 480 0
G3 283 480 1
E4 283 480 0
rest 480
Measure Number: 77
F7 60 80 0
C7 101 80 0
E7 142 80 0
A6 183 80 0
D7 224 80 1
C7 265 80 0
D7 306 80 0
A6 347 80 0
C7 388 80 1
A6 429 80 0
C7 470 80 0
E6 521 80 0
B6 562 80 0
E6 603 80 0
B6 644 80 -1
C6 685 80 0
A6 726 80 0
E6 767 80 0
G6 808 80 1
C6 849 80 0
G6 890 80 0
C6 930 80 0
F6 971 80 1
A5 1012 80 0
A1 60 480 0
A3 306 360 0
C4 306 360 0
E4 306 360 0
A3 495 120 0
C4 495 120 0
E4 495 120 0
A3 562 480 0
C4 562 480 0
E4 562 480 0
A3 808 480 0
C4 808 480 0
F4 808 480 0
Measure Number: 78
F6 60 80 0
C6 102 80 0
E6 143 80 0
A5 185 80 0
D6 226 80 1
C6 267 80 0
D6 309 80 0
A5 350 80 0
C6 391 80 1
A5 433 80 0
C6 474 80 0
E5 515 80 0
B5 557 80 0
E5 598 80 0
B5 640 80 -1
C5 681 80 0
A5 722 80 0
E5 764 80 0
G5 805 80 1
C5 846 80 0
G5 888 80 0
C5 929 80 0
F5 971 80 1
A4 1012 80 0
A3 60 480 0
C4 60 480 0
E4 60 480 0
E3 309 480 0
A3 309 480 0
C4 309 480 0
A3 557 960 0
C4 557 960 0
E4 557 960 0
Measure Number: 79
F5 66 80 0
C5 82 80 0
E5 97 80 0
A4 112 80 0
D5 143 80 1
C5 158 80 0
D5 185 80 0
A4 200 80 0
C5 230 80 1
A4 246 80 0
C5 272 80 0
E4 303 80 0
B4 318 80 0
E4 333 80 0
B4 362 80 -1
C4 377 80 0
A4 392 80 0
E4 407 80 0
A4 438 80 1
C4 453 80 0
A4 480 80 0
C4 495 80 0
F4 527 80 1
A3 542 80 0
G1 66 480 0
G2 185 360 0
E3 185 360 0
G2 287 120 0
E3 287 120 0
E3 318 480 0
F3 438 480 0
rest 960
G2 318 960 0
Measure Number: 80
F4 14 80 0
C4 29 80 0
E4 44 80 0
A3 59 80 0
D4 91 80 1
C4 110 80 0
D4 158 80 0
A3 173 80 0
C4 206 80 1
A3 221 80 0
C4 250 80 0
E3 265 80 0
B3 280 80 0
F3 295 80 0
A3 310 80 0
C3 326 80 0
G3 356 80 1
F3 371 80 0
A3 387 80 0
C3 402 80 0
B3 417 80 0
E3 432 80 0
C4 447 80 0
C3 462 80 0
E3 14 480 0
C3 158 480 0
F2 280 480 0
E2 387 480 0
G2 14 960 0
rest 960
Measure Number: 81
C4 58 80 0
F3 98 80 0
B3 138 80 0
B3 178 80 0
C5 251 80 0
F4 291 80 0
B4 331 80 0
B4 371 80 0
C6 411 80 0
F5 451 80 0
B5 491 80 0
B5 532 80 0
C7 572 80 0
F6 612 80 1
B6 652 80 0
B5 692 80 0
C6 732 80 0
F5 772 80 1
B5 813 80 0
B4 853 80 0
C5 893 80 0
F4 933 80 1
B4 973 80 0
B3 1013 80 0
D2 58 480 0
A3 331 160 0
F4 331 160 0
C3 411 160 1
D3 491 160 0
D3 572 480 1
A3 572 480 0
F4 572 480 1
D2 813 480 1
Measure Number: 82
D5 66 80 0
G4 107 80 0
C5 149 80 1
C5 190 80 1
D6 231 80 0
G5 272 80 0
C6 313 80 1
C6 354 80 1
D7 395 80 0
G6 436 80 0
C7 478 80 1
C6 519 80 1
E7 560 80 -1
B6 601 80 -1
D7 642 80 0
D6 683 80 0
E6 724 80 -1
B5 765 80 -1
D6 807 80 0
D5 848 80 0
E5 889 80 -1
B4 930 80 -1
D5 971 80 0
D4 1012 80 0
E2 66 480 0
B3 313 160 -1
G4 313 160 0
D3 395 160 1
E3 478 160 0
F3 560 480 0
B3 560 480 -1
D4 560 480 0
B4 560 480 -1
F2 807 480 0
F3 807 480 0
Measure Number: 83
E5 66 80 0
A4 82 80 0
D5 112 80 1
D4 143 80 1
E5 158 80 0
A4 173 80 0
D5 188 80 1
D5 204 80 1
E6 219 80 0
A5 241 80 0
D6 275 80 1
D6 305 80 1
E7 328 80 0
A6 350 80 0
D7 384 80 1
D6 415 80 1
E6 430 80 0
A5 445 80 0
D6 460 80 1
D5 476 80 1
E6 491 80 0
A5 506 80 0
D6 521 80 1
D6 537 80 1
F1 66 480 0
F2 66 480 0
F3 188 360 0
F4 188 360 0
F3 290 120 0
F4 290 120 0
F3 328 480 0
F4 328 480 0
F3 460 480 0
C4 460 480 0
G4 460 480 0
Measure Number: 84
E7 15 80 0
A6 37 80 0
D7 71 80 1
D6 102 80 1
E6 117 80 0
A5 132 80 0
D6 148 80 1
D5 178 80 1
E6 194 80 0
A5 209 80 0
D6 224 80 1
D6 239 80 1
E7 258 80 0
A6 280 80 0
D7 303 80 1
D6 318 80 1
E7 333 80 0
A6 356 80 0
D7 378 80 1
D6 393 80 1
E7 408 80 0
A6 431 80 0
D7 453 80 1
D6 468 80 1
F3 15 480 0
F4 15 480 0
C3 148 480 0
C4 148 480 0
F3 258 960 0
F4 258 960 0
Measure Number: 85
E7 60 80 0
B6 101 80 0
D7 141 80 1
A6 182 80 0
E7 222 80 0
B6 263 80 0
D7 303 80 1
A6 344 80 0
E7 384 80 0
B6 425 80 0
D7 465 80 1
A6 505 80 0
E7 546 80 0
B6 586 80 0
D7 627 80 1
A6 667 80 0
E7 708 80 0
B6 748 80 0
D7 789 80 1
A6 829 80 0
E7 870 80 0
B6 910 80 0
D7 950 80 1
A6 991 80 0
F2 60 80 0
B2 101 80 0
A2 141 80 0
D3 182 80 1
A2 222 80 0
D3 263 80 1
B2 303 80 0
F3 344 80 0
B2 384 80 0
F3 425 80 0
D3 465 80 1
A3 505 80 0
D3 546 80 1
A3 586 80 0
F3 627 80 0
B3 667 80 0
F3 708 80 0
B3 748 80 0
A3 789 80 0
D4 829 80 1
A3 870 80 0
D4 910 80 1
B3 950 80 0
F4 991 80 0
Measure Number: 86
E7 60 80 0
B6 101 80 0
D7 143 80 1
A6 184 80 0
E7 225 80 0
B6 267 80 0
D7 308 80 1
A6 350 80 0
E7 391 80 0
B6 432 80 0
D7 474 80 1
A6 515 80 0
E7 557 80 0
B6 598 80 0
D7 639 80 1
A6 681 80 0
E7 722 80 0
B6 764 80 0
D7 805 80 1
A6 846 80 0
E7 888 80 0
B6 929 80 0
D7 971 80 1
A6 1012 80 0
B3 60 80 0
F4 101 80 0
D4 143 80 1
A4 184 80 0
D4 225 80 1
A4 267 80 0
F4 308 80 0
B4 350 80 0
F4 391 80 0
B4 432 80 0
A4 474 80 0
D5 515 80 1
A4 557 80 0
D5 598 80 1
B4 639 80 0
F5 681 80 0
B4 722 80 0
F5 764 80 0
D5 805 80 1
A5 846 80 0
D5 888 80 1
A5 929 80 0
F5 971 80 0
B5 1012 80 0
Measure Number: 87
F7 60 80 0
C7 83 80 0
E7 106 80 0
A6 130 80 0
D7 160 80 0
A6 183 80 0
C7 206 80 0
E6 230 80 0
B6 253 80 0
E6 276 80 0
A6 299 80 0
C6 322 80 0
F6 346 80 0
C6 369 80 0
E6 392 80 0
A5 415 80 0
D6 439 80 0
A5 462 80 0
C6 485 80 0
E5 508 80 0
B5 532 80 0
E5 555 80 0
A5 578 80 0
C5 601 80 0
E4 60 240 0
A4 60 240 0
C5 60 240 0
E5 60 240 0
rest 80
D6 160 80 0
A5 183 80 0
C6 206 80 0
E5 230 80 0
B5 253 80 0
E5 276 80 0
A5 299 80 0
C5 322 80 0
F5 346 80 0
C5 369 80 0
E5 392 80 0
A4 415 80 0
D5 439 80 0
A4 462 80 0
C5 485 80 0
E4 508 80 0
B4 532 80 0
E4 555 80 0
A4 578 80 0
C4 601 80 0
Measure Number: 88
F5 15 80 0
C5 38 80 0
E5 61 80 0
A4 83 80 0
D5 106 80 0
A4 129 80 0
C5 152 80 0
E4 174 80 0
B4 197 80 0
E4 220 80 0
A4 243 80 0
C4 265 80 0
B3 288 480 0
E4 288 480 0
A4 288 480 0
B4 300 480 0
D4 346 480 0
E4 358 480 0
G4 346 480 1
B4 346 480 0
E5 346 480 0
F4 15 80 0
C4 38 80 0
E4 61 80 0
A3 83 80 0
D4 106 80 0
A3 129 80 0
C4 152 80 0
E3 174 80 0
B3 197 80 0
E3 220 80 0
A3 243 80 0
C3 265 80 0
E2 288 480 0
E3 288 480 0
E1 346 480 0
E2 346 480 0
Measure Number: 89
A6 60 80 0
E6 99 80 0
G6 146 80 1
C6 185 80 0
G6 223 80 0
E6 270 80 0
F6 309 80 1
C6 347 80 0
F6 395 80 0
C6 433 80 0
E6 471 80 0
A5 519 80 0
D6 557 80 1
C6 595 80 0
D6 643 80 0
A5 681 80 0
C6 719 80 1
A5 767 80 0
C6 805 80 0
E5 843 80 0
B5 891 80 0
E5 929 80 0
B5 967 80 -1
C5 1015 80 0
A1 60 120 0
E2 122 120 0
C3 185 120 0
E2 247 120 0
A1 309 120 0
E2 371 120 0
C3 433 120 0
E2 495 120 0
A1 557 120 0
E2 619 120 0
C3 681 120 0
E2 743 120 0
A1 805 120 0
E2 867 120 0
C3 929 120 0
E2 991 120 0
Measure Number: 90
A5 60 80 0
E5 99 80 0
G5 146 80 1
C5 185 80 0
G5 223 80 0
E5 270 80 0
F5 309 80 1
C5 347 80 0
F5 395 80 0
C5 433 80 0
E5 471 80 0
A4 519 80 0
D5 557 80 1
C5 595 80 0
D5 643 80 0
A4 681 80 0
C5 719 80 1
A4 767 80 0
C5 805 80 0
E4 843 80 0
B4 891 80 0
E4 929 80 0
B4 967 80 -1
C4 1015 80 0
A1 60 120 0
E2 122 120 0
C3 185 120 0
E2 247 120 0
E1 309 120 0
E2 371 120 0
C3 433 120 0
E2 495 120 0
A1 557 120 0
E2 619 120 0
C3 681 120 0
E2 743 120 0
C3 805 120 0
E2 867 120 0
C3 929 120 0
E2 991 120 0
Measure Number: 91
A4 57 80 0
E4 93 80 0
G4 139 80 1
C4 176 80 0
G4 212 80 0
E4 258 80 0
F4 295 80 1
C4 331 80 0
F4 377 80 0
C4 414 80 0
E4 450 80 0
A3 496 80 0
D4 533 80 1
C4 569 80 0
D4 615 80 0
A3 652 80 0
C4 688 80 1
A3 734 80 0
C4 815 80 0
E3 852 80 0
B3 898 80 0
E3 934 80 0
B3 971 80 -1
C3 1017 80 0
A1 57 120 0
E2 116 120 0
C3 176 120 0
E2 235 120 0
A1 295 120 0
E2 354 120 0
C3 414 120 0
E2 473 120 0
A1 533 120 0
E2 592 120 0
C3 652 120 0
E2 711 120 0
A1 815 120 0
E2 875 120 0
C3 934 120 0
E2 994 120 0
Measure Number: 92
A3 58 80 0
E3 99 80 0
G3 141 80 1
C3 182 80 0
G3 224 80 0
E3 265 80 0
F3 307 80 1
C3 348 80 0
F3 390 80 0
C3 431 80 0
E3 473 80 0
A2 514 80 0
D3 556 80 1
C3 597 80 0
D3 639 80 0
A2 680 80 0
C3 722 80 1
A2 763 80 0
C3 804 80 0
E2 846 80 0
B2 887 80 0
E2 929 80 0
B2 970 80 -1
E2 1012 80 0
A2 58 160 0
G2 141 160 1
G2 224 160 0
F2 307 160 1
F2 390 160 0
E2 473 160 0
D2 556 160 1
D2 639 160 0
C2 722 160 1
C2 804 160 0
B1 887 160 0
B1 970 160 -1
Measure Number: 93
A2 58 480 0
A3 123 360 0
C4 123 360 0
E4 123 360 0
A4 123 360 0
A3 150 120 0
C4 150 120 0
E4 150 120 0
A4 150 120 0
A3 172 480 0
C4 172 480 0
E4 172 480 0
A4 172 480 0
A3 202 480 0
D4 202 480 0
F4 202 480 0
A4 202 480 0
A1 58 480 0
A1 123 360 0
E2 123 360 0
A2 123 360 0
A1 150 120 0
E2 150 120 0
A2 150 120 0
A1 172 480 0
E2 172 480 0
A2 172 480 0
A1 202 480 0
D2 202 480 0
A2 202 480 0
Measure Number: 94
A3 15 960 0
C4 15 960 0
E4 15 960 0
A4 15 960 0
A3 62 960 0
B3 74 960 0
D4 62 960 0
A4 62 960 0
A1 15 960 0
E2 15 960 0
A2 15 960 0
A1 62 960 0
F2 62 960 0
A2 62 960 0
Measure Number: 95
A3 15 1920 0
C4 15 1920 0
E4 15 1920 0
A4 15 1920 0
rest 480
A2 67 51 0
B2 86 51 0
C3 104 51 0
D3 122 51 0
E3 140 51 0
F3 164 51 1
G3 186 51 1
A3 202 51 0
B3 219 51 0
C4 235 51 0
D4 251 51 0
E4 267 51 0
F4 289 51 1
G4 312 51 1
A4 328 51 0
B4 344 51 0
C5 360 51 0
D5 376 51 0
E5 392 51 0
F5 415 51 1
G5 438 51 1
A5 454 51 0
B5 472 51 0
C6 490 51 0
D6 508 51 0
E6 526 51 0
F6 552 51 1
G6 578 51 1
A1 15 1920 0
E2 15 1920 0
A2 15 1920 0
rest 480
A1 67 51 0
B1 86 51 0
C2 104 51 0
D2 122 51 0
E2 140 51 0
F2 164 51 1
G2 186 51 1
A2 202 51 0
B2 219 51 0
C3 235 51 0
D3 251 51 0
E3 267 51 0
F3 289 51 1
G3 312 51 1
A3 328 51 0
B3 344 51 0
C4 360 51 0
D4 376 51 0
E4 392 51 0
F4 415 51 1
G4 438 51 1
A4 454 51 0
B4 472 51 0
C5 490 51 0
D5 508 51 0
E5 526 51 0
F5 552 51 1
G5 578 51 1
Measure Number: 96
A6 15 480 0
rest 480
rest 960
A5 15 480 0
rest 480
rest 960
